5 0.19453125 0.79296875 0.171875 0.3984375
5 0.72890625 0.753125 0.2921875 0.49375
5 0.49296875 0.6984375 0.3796875 0.5953125
5 0.2421875 0.4484375 0.2484375 0.503125
5 0.76171875 0.4296875 0.2453125 0.3859375
5 0.71484375 0.26015625 0.259375 0.3046875
5 0.45078125 0.2078125 0.275 0.403125
5 0.5953125 0.0921875 0.1859375 0.1828125
5 0.78984375 0.08359375 0.203125 0.1515625
5 0.22265625 0.10859375 0.1765625 0.2171875
5 0.0609375 0.78671875 0.121875 0.3984375
5 0.92734375 0.7578125 0.1421875 0.484375
5 0.0671875 0.440625 0.134375 0.5
5 0.93515625 0.43515625 0.1296875 0.3828125
5 0.96171875 0.26875 0.0765625 0.3
5 0.94453125 0.0875 0.1109375 0.15
5 0.07578125 0.10625 0.1328125 0.2125