5 0.390625 0.40390625 0.0203125 0.0234375
5 0.40390625 0.4203125 0.0234375 0.025
5 0.39765625 0.44140625 0.01875 0.0234375
5 0.4078125 0.4609375 0.0234375 0.0234375
5 0.409375 0.49375 0.01875 0.0265625
5 0.425 0.39921875 0.01875 0.0234375
5 0.44375 0.41484375 0.0234375 0.025
5 0.45078125 0.3984375 0.0234375 0.0265625
5 0.43359375 0.43515625 0.015625 0.021875
5 0.4484375 0.45625 0.021875 0.021875
5 0.45234375 0.484375 0.021875 0.025
5 0.46015625 0.5140625 0.025 0.0296875
5 0.465625 0.546875 0.028125 0.0390625
5 0.41796875 0.528125 0.0296875 0.0375
5 0.41796875 0.5609375 0.0234375 0.034375
5 0.37890625 0.60859375 0.034375 0.0421875
5 0.43203125 0.60078125 0.0328125 0.05
5 0.4828125 0.58828125 0.034375 0.040625
5 0.46640625 0.43125 0.0125 0.0171875
5 0.4765625 0.41484375 0.0234375 0.0265625
5 0.48515625 0.38984375 0.021875 0.025
5 0.49609375 0.428125 0.01875 0.0265625
5 0.50625 0.409375 0.01875 0.021875
5 0.51328125 0.38828125 0.0125 0.01875
5 0.490625 0.4515625 0.0234375 0.0234375
5 0.49296875 0.4796875 0.0203125 0.025
5 0.54296875 0.390625 0.0203125 0.01875
5 0.5328125 0.40703125 0.0234375 0.0234375
5 0.52578125 0.42265625 0.0203125 0.0171875
5 0.5265625 0.44765625 0.0171875 0.021875
5 0.56328125 0.44296875 0.01875 0.0171875
5 0.53046875 0.47421875 0.0234375 0.025
5 0.559375 0.40234375 0.01875 0.0265625
5 0.56953125 0.38828125 0.015625 0.021875
5 0.58984375 0.396875 0.0171875 0.0265625
5 0.61796875 0.38046875 0.01875 0.0234375
5 0.61328125 0.39921875 0.01875 0.021875
5 0.64375 0.375 0.01875 0.021875
5 0.63671875 0.39375 0.0171875 0.021875
5 0.66328125 0.38359375 0.0171875 0.025
5 0.68515625 0.3890625 0.021875 0.021875
5 0.70859375 0.38515625 0.01875 0.0171875
5 0.6875 0.3671875 0.0140625 0.03125
5 0.70625 0.36953125 0.0203125 0.0234375
5 0.728125 0.371875 0.0140625 0.0203125
5 0.7484375 0.36953125 0.0171875 0.021875
5 0.75078125 0.38203125 0.015625 0.0171875
5 0.7703125 0.378125 0.0140625 0.0140625
5 0.790625 0.37734375 0.01875 0.0171875
5 0.8109375 0.378125 0.0171875 0.0171875
5 0.828125 0.37578125 0.0140625 0.0171875
5 0.84375 0.37578125 0.0140625 0.0171875
5 0.8578125 0.3734375 0.0171875 0.0125
5 0.590625 0.41875 0.0140625 0.0125
5 0.6171875 0.41484375 0.0125 0.0140625
5 0.646875 0.4109375 0.0140625 0.0140625
5 0.59140625 0.4359375 0.01875 0.0203125
5 0.62265625 0.43359375 0.0171875 0.015625
5 0.65546875 0.43046875 0.0125 0.0171875
5 0.68359375 0.4265625 0.0125 0.0171875
5 0.696875 0.40546875 0.0171875 0.015625
5 0.709375 0.41953125 0.01875 0.01875
5 0.7359375 0.41875 0.0140625 0.0140625
5 0.74453125 0.39765625 0.0125 0.0140625
5 0.7859375 0.41171875 0.015625 0.0140625
5 0.78515625 0.39609375 0.015625 0.0171875
5 0.76328125 0.396875 0.0125 0.0125
5 0.809375 0.409375 0.0171875 0.0140625
5 0.80546875 0.39375 0.0140625 0.0140625
5 0.82578125 0.3890625 0.0125 0.0109375
5 0.834375 0.40546875 0.0171875 0.01875
5 0.85546875 0.4046875 0.0109375 0.0140625
5 0.87421875 0.40234375 0.0109375 0.0125
5 0.86328125 0.3875 0.0109375 0.0109375
5 0.75390625 0.44140625 0.021875 0.021875
5 0.82421875 0.4296875 0.0203125 0.021875
5 0.85 0.4265625 0.0171875 0.0140625
5 0.8421875 0.45078125 0.0171875 0.021875
5 0.821875 0.453125 0.021875 0.0140625
5 0.7953125 0.45390625 0.0171875 0.0109375
5 0.8671875 0.5078125 0.015625 0.034375
5 0.86640625 0.45 0.01875 0.01875
5 0.696875 0.45234375 0.0171875 0.021875
5 0.56640625 0.47265625 0.01875 0.0234375
5 0.5984375 0.465625 0.0203125 0.025
5 0.6328125 0.4578125 0.0171875 0.021875
5 0.6640625 0.45390625 0.015625 0.021875
5 0.740625 0.46953125 0.0171875 0.021875
5 0.5046875 0.5015625 0.0203125 0.028125
5 0.5109375 0.53515625 0.028125 0.0390625
5 0.5421875 0.5 0.0234375 0.0265625
5 0.578125 0.49609375 0.021875 0.0234375
5 0.61484375 0.48515625 0.021875 0.0296875
5 0.64921875 0.48359375 0.021875 0.028125
5 0.68359375 0.475 0.0203125 0.0234375
5 0.740625 0.49453125 0.015625 0.0265625
5 0.7125 0.50078125 0.03125 0.0328125
5 0.715625 0.5390625 0.034375 0.0375
5 0.6734375 0.50625 0.028125 0.03125
5 0.678125 0.5453125 0.034375 0.0484375
5 0.63046875 0.5171875 0.025 0.034375
5 0.59453125 0.5203125 0.0328125 0.034375
5 0.55546875 0.5265625 0.0265625 0.028125
5 0.53515625 0.5734375 0.0328125 0.0421875
5 0.58671875 0.5625 0.028125 0.0390625
5 0.634375 0.5578125 0.034375 0.0421875
5 0.4140625 0.6859375 0.0328125 0.0625
5 0.47734375 0.66640625 0.04375 0.059375
5 0.53515625 0.653125 0.03125 0.05
5 0.590625 0.6296875 0.040625 0.0484375
5 0.64140625 0.615625 0.03125 0.0453125
5 0.69375 0.60390625 0.04375 0.0453125
5 0.7296875 0.59375 0.0296875 0.04375
5 0.8296875 0.63046875 0.04375 0.0375
5 0.7859375 0.63984375 0.0390625 0.053125
5 0.73984375 0.65234375 0.0375 0.05625
5 0.69609375 0.66796875 0.0453125 0.0625
5 0.6375 0.6765625 0.0484375 0.065625
5 0.57421875 0.71171875 0.046875 0.065625
5 0.5046875 0.73125 0.04375 0.071875
5 0.43828125 0.74921875 0.0578125 0.065625
5 0.4796875 0.84921875 0.0671875 0.0984375
5 0.5578125 0.82421875 0.040625 0.0625
5 0.62109375 0.8015625 0.0390625 0.0625
5 0.6890625 0.76328125 0.05625 0.0734375
5 0.73671875 0.75390625 0.04375 0.065625
5 0.7875 0.73359375 0.0578125 0.06875
5 0.83671875 0.71796875 0.05 0.0625
5 0.39921875 0.9234375 0.05 0.040625
5 0.5125 0.959375 0.071875 0.08125
5 0.60078125 0.93515625 0.046875 0.0984375
5 0.6703125 0.9015625 0.059375 0.090625
5 0.75 0.85546875 0.0609375 0.10625
5 0.80859375 0.8390625 0.0609375 0.096875
5 0.84453125 0.7953125 0.028125 0.065625
5 0.821875 0.96875 0.040625 0.0625
5 0.76015625 0.98828125 0.0609375 0.0234375
5 0.99921875 0.38984375 0.0015625 0.0171875
5 0.98828125 0.3859375 0.0140625 0.0140625
5 0.96875 0.38359375 0.01875 0.0171875
5 0.9484375 0.3828125 0.0171875 0.0171875
5 0.93125 0.37890625 0.0140625 0.0171875
5 0.915625 0.378125 0.0140625 0.0171875
5 0.9015625 0.375 0.0171875 0.0125
5 0.9703125 0.41796875 0.015625 0.0140625
5 0.97265625 0.40234375 0.015625 0.0171875
5 0.99375 0.4046875 0.0125 0.0125
5 0.946875 0.4140625 0.0171875 0.0140625
5 0.95234375 0.3984375 0.0140625 0.0140625
5 0.93203125 0.39296875 0.0125 0.0109375
5 0.921875 0.40859375 0.0171875 0.01875
5 0.90234375 0.40625 0.0109375 0.0140625
5 0.88359375 0.40234375 0.0109375 0.0125
5 0.89453125 0.3890625 0.0109375 0.0109375
5 0.99453125 0.45 0.0109375 0.021875
5 0.93046875 0.43359375 0.0203125 0.021875
5 0.90625 0.428125 0.0171875 0.0140625
5 0.9109375 0.453125 0.0171875 0.021875
5 0.93125 0.45703125 0.021875 0.0140625
5 0.9578125 0.459375 0.0171875 0.0109375
5 0.8828125 0.50859375 0.015625 0.034375
5 0.8875 0.45078125 0.01875 0.01875
5 0.9109375 0.6328125 0.04375 0.0375
5 0.9546875 0.6453125 0.0390625 0.053125
5 0.9875 0.66015625 0.015625 0.0546875
5 0.9828125 0.76171875 0.01875 0.0640625
5 0.946875 0.7390625 0.0578125 0.06875
5 0.8984375 0.7203125 0.05 0.0625
5 0.96640625 0.8625 0.0453125 0.10625
5 0.91796875 0.84296875 0.0609375 0.096875
5 0.88515625 0.79609375 0.028125 0.065625
5 0.89375 0.96953125 0.040625 0.0609375
5 0.953125 0.9921875 0.059375 0.015625