5 0.86328125 0.88125 0.040625 0.05625
5 0.6265625 0.93671875 0.065625 0.090625
5 0.7015625 0.875 0.053125 0.0921875
5 0.76328125 0.8125 0.0625 0.0890625
5 0.82734375 0.73984375 0.065625 0.10625
5 0.8625 0.6921875 0.0328125 0.078125
5 0.50078125 0.9078125 0.0625 0.0984375
5 0.5703125 0.83984375 0.06875 0.0875
5 0.6328125 0.78671875 0.0484375 0.053125
5 0.68984375 0.740625 0.0375 0.0546875
5 0.746875 0.68203125 0.0546875 0.065625
5 0.78671875 0.65 0.0546875 0.0578125
5 0.828125 0.60546875 0.0578125 0.06875
5 0.8609375 0.5765625 0.0328125 0.0609375
5 0.503125 0.775 0.053125 0.0734375
5 0.56328125 0.71328125 0.0453125 0.06875
5 0.61875 0.67109375 0.05 0.059375
5 0.67890625 0.61875 0.05 0.0640625
5 0.7265625 0.58671875 0.0484375 0.0546875
5 0.76640625 0.55 0.0390625 0.0515625
5 0.80703125 0.52265625 0.0390625 0.0578125
5 0.846875 0.4890625 0.0390625 0.04375
5 0.46328125 0.71640625 0.034375 0.0625
5 0.521875 0.6703125 0.0421875 0.0640625
5 0.57109375 0.628125 0.0328125 0.05625
5 0.6234375 0.58828125 0.0421875 0.0515625
5 0.66484375 0.5546875 0.025 0.04375
5 0.71015625 0.52421875 0.0421875 0.0453125
5 0.7421875 0.49765625 0.0296875 0.04375
5 0.775 0.4828125 0.034375 0.0390625
5 0.80546875 0.45390625 0.0234375 0.03125
5 0.45859375 0.62421875 0.034375 0.0515625
5 0.50625 0.59375 0.0328125 0.0421875
5 0.434375 0.59140625 0.0265625 0.0375
5 0.55390625 0.55859375 0.0328125 0.0390625
5 0.59921875 0.528125 0.03125 0.0390625
5 0.6421875 0.50234375 0.03125 0.0375
5 0.6828125 0.4765625 0.0359375 0.04375
5 0.71640625 0.45390625 0.0328125 0.0359375
5 0.74609375 0.4359375 0.021875 0.0265625
5 0.7765625 0.4140625 0.028125 0.0234375
5 0.8046875 0.39765625 0.0265625 0.03125
5 0.82265625 0.37734375 0.0265625 0.0265625
5 0.84921875 0.3609375 0.021875 0.028125
5 0.52109375 0.534375 0.0265625 0.0375
5 0.5609375 0.50703125 0.0265625 0.025
5 0.596875 0.4828125 0.03125 0.0375
5 0.62890625 0.46640625 0.0265625 0.0296875
5 0.66796875 0.440625 0.0234375 0.0328125
5 0.7015625 0.41796875 0.028125 0.028125
5 0.734375 0.39921875 0.0234375 0.03125
5 0.76796875 0.38125 0.0234375 0.021875
5 0.78828125 0.3640625 0.03125 0.028125
5 0.81484375 0.34765625 0.0234375 0.025
5 0.509375 0.5046875 0.009375 0.028125
5 0.5421875 0.48671875 0.01875 0.0265625
5 0.57421875 0.4671875 0.025 0.0265625
5 0.60703125 0.440625 0.0203125 0.028125
5 0.6390625 0.42578125 0.01875 0.028125
5 0.66875 0.4046875 0.01875 0.021875
5 0.72421875 0.37734375 0.0171875 0.0234375
5 0.77109375 0.3484375 0.0140625 0.0234375
5 0.79375 0.33046875 0.01875 0.021875
5 0.815625 0.31953125 0.0171875 0.021875
5 0.834375 0.309375 0.01875 0.025
5 0.52421875 0.46484375 0.0234375 0.0265625
5 0.55703125 0.44765625 0.01875 0.021875
5 0.5859375 0.43125 0.021875 0.028125
5 0.615625 0.40859375 0.0203125 0.0234375
5 0.6453125 0.39296875 0.0171875 0.025
5 0.67578125 0.3765625 0.01875 0.025
5 0.72734375 0.34609375 0.01875 0.028125
5 0.79375 0.30546875 0.0171875 0.0234375
5 0.81484375 0.29296875 0.0171875 0.0140625
5 0.51328125 0.440625 0.0171875 0.0203125
5 0.546875 0.42265625 0.0140625 0.01875
5 0.571875 0.4046875 0.0171875 0.01875
5 0.6 0.390625 0.01875 0.0171875
5 0.63203125 0.37265625 0.0140625 0.0171875
5 0.65859375 0.3578125 0.0125 0.0171875
5 0.68046875 0.3421875 0.0171875 0.0203125
5 0.7046875 0.33203125 0.0140625 0.0140625
5 0.75 0.3015625 0.0140625 0.0171875
5 0.77109375 0.2921875 0.0171875 0.0125
5 0.79609375 0.27890625 0.0140625 0.0140625
5 0.81484375 0.26953125 0.0125 0.01875
5 0.83515625 0.2609375 0.0171875 0.0140625
5 0.8359375 0.2453125 0.009375 0.0140625
5 0.81875 0.25078125 0.0109375 0.0125
5 0.80078125 0.25859375 0.0125 0.0140625
5 0.78515625 0.26875 0.0125 0.0125
5 0.76484375 0.2796875 0.0140625 0.0140625
5 0.74765625 0.2890625 0.015625 0.0140625
5 0.728125 0.29765625 0.0140625 0.015625
5 0.70625 0.30703125 0.0171875 0.01875
5 0.6640625 0.3328125 0.0125 0.0171875
5 0.61796875 0.35546875 0.0140625 0.0203125
5 0.58828125 0.378125 0.0171875 0.0171875
5 0.56796875 0.3859375 0.015625 0.021875
5 0.5078125 0.41875 0.015625 0.028125
5 0.53359375 0.38515625 0.0171875 0.0265625
5 0.56015625 0.37109375 0.021875 0.025
5 0.53984375 0.36796875 0.021875 0.0265625
5 0.484375 0.4109375 0.0203125 0.021875
5 0.45625 0.41953125 0.0171875 0.0125
5 0.4328125 0.41484375 0.0203125 0.01875
5 0.4609375 0.40234375 0.0140625 0.0234375
5 0.4859375 0.3921875 0.0140625 0.01875
5 0.51484375 0.3796875 0.0171875 0.0203125
5 0.5109375 0.4 0.021875 0.01875
5 0.58359375 0.359375 0.01875 0.01875
5 0.58125 0.3390625 0.0203125 0.0234375
5 0.60546875 0.346875 0.0171875 0.0234375
5 0.60625 0.3265625 0.0203125 0.021875
5 0.6265625 0.33359375 0.0171875 0.021875
5 0.65 0.32421875 0.01875 0.021875
5 0.6453125 0.30390625 0.0203125 0.01875
5 0.6703125 0.3125 0.01875 0.01875
5 0.68515625 0.2875 0.01875 0.01875
5 0.71015625 0.28984375 0.0171875 0.0140625
5 0.72734375 0.27890625 0.0140625 0.01875
5 0.74609375 0.26875 0.01875 0.021875
5 0.76484375 0.259375 0.01875 0.0234375
5 0.78046875 0.2546875 0.0171875 0.0203125
5 0.7953125 0.24453125 0.0125 0.0140625
5 0.8109375 0.23984375 0.0171875 0.01875
5 0.37734375 0.45234375 0.0125 0.028125
5 0.38671875 0.46953125 0.0140625 0.0390625
5 0.90078125 0.88046875 0.040625 0.05625
5 0.9828125 0.8078125 0.034375 0.0875
5 0.93046875 0.7375 0.065625 0.10625
5 0.89375 0.69140625 0.0328125 0.078125
5 0.990625 0.67578125 0.01875 0.0640625
5 0.96796875 0.646875 0.0546875 0.0578125
5 0.925 0.60390625 0.0578125 0.06875
5 0.8921875 0.57578125 0.0328125 0.0609375
5 0.9828125 0.54453125 0.034375 0.0515625
5 0.94453125 0.5203125 0.0390625 0.0578125
5 0.903125 0.48828125 0.0390625 0.04375
5 0.99609375 0.49296875 0.0078125 0.04375
5 0.975 0.47890625 0.034375 0.0390625
5 0.94296875 0.4515625 0.0234375 0.03125
5 0.9953125 0.43125 0.0078125 0.0265625
5 0.9703125 0.41015625 0.028125 0.0234375
5 0.9421875 0.3953125 0.0265625 0.03125
5 0.92265625 0.37578125 0.0265625 0.0265625
5 0.89609375 0.36015625 0.021875 0.028125
5 0.97734375 0.37734375 0.0234375 0.021875
5 0.95703125 0.3609375 0.03125 0.028125
5 0.93046875 0.3453125 0.0234375 0.025
5 0.97421875 0.34453125 0.0140625 0.0234375
5 0.95 0.328125 0.01875 0.021875
5 0.928125 0.3171875 0.0171875 0.021875
5 0.909375 0.30859375 0.01875 0.025
5 0.95 0.303125 0.0171875 0.0234375
5 0.92734375 0.290625 0.0171875 0.0140625
5 0.99140625 0.296875 0.0109375 0.0171875
5 0.97109375 0.28828125 0.0171875 0.0125
5 0.94609375 0.2765625 0.0140625 0.0140625
5 0.92734375 0.2671875 0.0125 0.01875
5 0.90703125 0.26015625 0.0171875 0.0140625
5 0.9046875 0.24453125 0.009375 0.0140625
5 0.921875 0.24921875 0.0109375 0.0125
5 0.94140625 0.25625 0.0125 0.0140625
5 0.95703125 0.265625 0.0125 0.0125
5 0.97734375 0.27578125 0.0140625 0.0140625
5 0.99140625 0.284375 0.009375 0.0140625
5 0.99140625 0.26484375 0.009375 0.021875
5 0.97734375 0.25546875 0.01875 0.0234375
5 0.96171875 0.2515625 0.0171875 0.0203125
5 0.9453125 0.2421875 0.0125 0.0140625
5 0.9296875 0.2375 0.0171875 0.01875