5 0.8671875 0.9390625 0.05 0.0984375
5 0.71796875 0.96953125 0.053125 0.0484375
5 0.77890625 0.8796875 0.071875 0.0984375
5 0.8171875 0.815625 0.075 0.08125
5 0.85546875 0.746875 0.059375 0.103125
5 0.5421875 0.95859375 0.0640625 0.08125
5 0.61484375 0.88203125 0.0671875 0.103125
5 0.68046875 0.790625 0.059375 0.0890625
5 0.73515625 0.73125 0.0546875 0.075
5 0.778125 0.671875 0.0453125 0.0671875
5 0.8125 0.6265625 0.040625 0.0703125
5 0.85 0.575 0.0453125 0.05625
5 0.40703125 0.975 0.0484375 0.05
5 0.4875 0.90234375 0.0546875 0.0953125
5 0.5484375 0.8234375 0.0359375 0.0828125
5 0.60859375 0.74609375 0.05 0.065625
5 0.65546875 0.68828125 0.034375 0.053125
5 0.70390625 0.64609375 0.0453125 0.059375
5 0.73671875 0.6046875 0.0375 0.053125
5 0.7671875 0.575 0.0375 0.05
5 0.7984375 0.53828125 0.025 0.0390625
5 0.33984375 0.88984375 0.0359375 0.0734375
5 0.40078125 0.83515625 0.05 0.078125
5 0.4625 0.7765625 0.0375 0.065625
5 0.51953125 0.71015625 0.040625 0.0609375
5 0.57421875 0.66015625 0.0375 0.0546875
5 0.61953125 0.61953125 0.0375 0.0546875
5 0.6625 0.57890625 0.0390625 0.05625
5 0.6984375 0.54609375 0.03125 0.04375
5 0.73046875 0.51875 0.028125 0.034375
5 0.7578125 0.4875 0.034375 0.0375
5 0.78359375 0.46484375 0.0296875 0.040625
5 0.8046875 0.4390625 0.0203125 0.028125
5 0.82890625 0.41640625 0.0296875 0.0375
5 0.36953125 0.7828125 0.040625 0.05
5 0.4265625 0.72578125 0.0375 0.059375
5 0.478125 0.68046875 0.0296875 0.046875
5 0.525 0.63359375 0.0265625 0.0375
5 0.565625 0.59609375 0.0359375 0.0453125
5 0.60078125 0.5703125 0.03125 0.0375
5 0.64375 0.5375 0.0296875 0.0453125
5 0.678125 0.503125 0.0328125 0.034375
5 0.71015625 0.47421875 0.0296875 0.0375
5 0.74375 0.44921875 0.0265625 0.025
5 0.76015625 0.4265625 0.025 0.0296875
5 0.7828125 0.40546875 0.025 0.0296875
5 0.82578125 0.37109375 0.0234375 0.0265625
5 0.84375 0.35390625 0.025 0.03125
5 0.8390625 0.50390625 0.0296875 0.034375
5 0.85546875 0.4765625 0.0328125 0.03125
5 0.3609375 0.7328125 0.0390625 0.05
5 0.4125 0.684375 0.0328125 0.0453125
5 0.459375 0.6375 0.025 0.040625
5 0.50078125 0.6078125 0.025 0.034375
5 0.5375 0.5796875 0.028125 0.0390625
5 0.5734375 0.54296875 0.0265625 0.040625
5 0.60703125 0.51953125 0.025 0.0359375
5 0.6390625 0.4890625 0.025 0.03125
5 0.69375 0.44921875 0.01875 0.0265625
5 0.740625 0.41015625 0.01875 0.021875
5 0.75859375 0.3890625 0.01875 0.0234375
5 0.778125 0.37109375 0.021875 0.028125
5 0.796875 0.36015625 0.0171875 0.01875
5 0.83203125 0.33359375 0.0125 0.01875
5 0.8453125 0.31875 0.0109375 0.01875
5 0.8609375 0.30625 0.0140625 0.0203125
5 0.86015625 0.3390625 0.01875 0.028125
5 0.75625 0.359375 0.0140625 0.021875
5 0.77578125 0.3453125 0.0140625 0.01875
5 0.79140625 0.33359375 0.0140625 0.0203125
5 0.809375 0.3171875 0.0140625 0.0234375
5 0.828125 0.30546875 0.0140625 0.021875
5 0.84140625 0.29453125 0.015625 0.01875
5 0.85234375 0.2828125 0.0140625 0.01875
5 0.7125 0.359375 0.015625 0.0171875
5 0.73203125 0.346875 0.015625 0.01875
5 0.75390625 0.33046875 0.0125 0.021875
5 0.771875 0.3171875 0.0125 0.01875
5 0.7890625 0.30546875 0.0140625 0.0140625
5 0.80390625 0.2953125 0.015625 0.0171875
5 0.81640625 0.2859375 0.0140625 0.0171875
5 0.83125 0.27265625 0.0140625 0.0171875
5 0.8453125 0.2640625 0.0140625 0.021875
5 0.66796875 0.3953125 0.0140625 0.0171875
5 0.6921875 0.41171875 0.0203125 0.0265625
5 0.665625 0.36875 0.0125 0.021875
5 0.6859375 0.359375 0.015625 0.021875
5 0.66796875 0.35 0.0140625 0.01875
5 0.68359375 0.3375 0.0140625 0.0171875
5 0.70546875 0.34296875 0.0125 0.0140625
5 0.72265625 0.33125 0.0125 0.0171875
5 0.740625 0.31953125 0.0125 0.0140625
5 0.70546875 0.32890625 0.0171875 0.0171875
5 0.6953125 0.31328125 0.0140625 0.0171875
5 0.71875 0.3171875 0.0171875 0.0171875
5 0.71640625 0.2984375 0.0140625 0.01875
5 0.7328125 0.30859375 0.015625 0.01875
5 0.72734375 0.296875 0.0140625 0.0140625
5 0.73828125 0.28828125 0.015625 0.0171875
5 0.75078125 0.29765625 0.0140625 0.0140625
5 0.76484375 0.2875 0.0140625 0.0140625
5 0.778125 0.27890625 0.0140625 0.0171875
5 0.7875 0.27109375 0.0140625 0.0171875
5 0.8 0.265625 0.0125 0.015625
5 0.81328125 0.25625 0.0140625 0.0140625
5 0.82890625 0.25859375 0.009375 0.0125
5 0.83984375 0.24921875 0.0109375 0.0125
5 0.85625 0.21875 0.0171875 0.01875
5 0.82734375 0.23984375 0.0171875 0.021875
5 0.84375 0.23125 0.0171875 0.0234375
5 0.66171875 0.33828125 0.01875 0.01875
5 0.64375 0.35234375 0.021875 0.01875
5 0.64375 0.4109375 0.01875 0.01875
5 0.6421875 0.4546875 0.0171875 0.0234375
5 0.61328125 0.47578125 0.0203125 0.025
5 0.58125 0.496875 0.01875 0.021875
5 0.34453125 0.69453125 0.0234375 0.0375
5 0.39140625 0.64765625 0.0265625 0.0375
5 0.43828125 0.61484375 0.0234375 0.028125
5 0.4796875 0.57890625 0.025 0.0359375
5 0.54921875 0.5265625 0.01875 0.028125
5 0.515625 0.55234375 0.0171875 0.03125
5 0.32890625 0.65 0.025 0.0359375
5 0.38046875 0.61640625 0.0234375 0.028125
5 0.42578125 0.57578125 0.0234375 0.034375
5 0.465625 0.5484375 0.01875 0.0265625
5 0.50390625 0.5203125 0.015625 0.0234375
5 0.3109375 0.63203125 0.0203125 0.0265625
5 0.3515625 0.59765625 0.0203125 0.028125
5 0.3171875 0.5953125 0.025 0.040625
5 0.29609375 0.58046875 0.025 0.034375
5 0.334375 0.55390625 0.0234375 0.028125
5 0.36328125 0.5625 0.028125 0.0328125
5 0.39453125 0.56484375 0.0171875 0.025
5 0.36796875 0.5296875 0.0265625 0.0328125
5 0.396875 0.53828125 0.028125 0.0375
5 0.4015625 0.50625 0.0234375 0.025
5 0.428125 0.53828125 0.025 0.034375
5 0.4328125 0.51015625 0.0234375 0.03125
5 0.45859375 0.51875 0.0234375 0.025
5 0.43203125 0.48984375 0.0171875 0.01875
5 0.459375 0.4984375 0.021875 0.021875
5 0.46640625 0.46953125 0.0234375 0.025
5 0.5328125 0.49765625 0.01875 0.021875
5 0.56171875 0.47578125 0.015625 0.01875
5 0.48828125 0.47421875 0.01875 0.01875
5 0.4921875 0.453125 0.0171875 0.021875
5 0.5171875 0.45546875 0.0234375 0.0265625
5 0.54140625 0.4390625 0.01875 0.0203125
5 0.540625 0.4171875 0.01875 0.021875
5 0.4890625 0.4984375 0.0140625 0.015625
5 0.52578125 0.47578125 0.015625 0.0140625
5 0.55 0.45625 0.0125 0.0140625
5 0.57734375 0.434375 0.009375 0.015625
5 0.5953125 0.4515625 0.0140625 0.01875
5 0.62109375 0.43515625 0.0140625 0.0171875
5 0.56328125 0.42109375 0.01875 0.025
5 0.5625 0.40078125 0.0171875 0.0171875
5 0.5859375 0.40625 0.0171875 0.021875
5 0.60859375 0.39296875 0.0203125 0.01875
5 0.63046875 0.378125 0.0171875 0.021875
5 0.61875 0.36640625 0.0203125 0.0234375
5 0.58203125 0.390625 0.0140625 0.0140625
5 0.603125 0.37265625 0.0140625 0.0203125
5 0.9140625 0.9375 0.05 0.0984375
5 0.98046875 0.87109375 0.0390625 0.0984375
5 0.9546875 0.8109375 0.075 0.08125
5 0.91171875 0.7453125 0.059375 0.103125
5 0.98046875 0.66484375 0.0390625 0.0671875
5 0.946875 0.621875 0.040625 0.0703125
5 0.90625 0.5734375 0.0453125 0.05625
5 0.984375 0.565625 0.03125 0.05
5 0.9546875 0.5328125 0.025 0.0390625
5 0.98671875 0.47890625 0.0265625 0.0375
5 0.96484375 0.45859375 0.0296875 0.040625
5 0.94140625 0.434375 0.0203125 0.028125
5 0.915625 0.41328125 0.0296875 0.0375
5 0.99453125 0.43984375 0.009375 0.0234375
5 0.98515625 0.41875 0.025 0.0296875
5 0.9609375 0.39921875 0.025 0.0296875
5 0.915625 0.36796875 0.0234375 0.0265625
5 0.896875 0.3515625 0.025 0.03125
5 0.9109375 0.5015625 0.0296875 0.034375
5 0.89296875 0.475 0.0328125 0.03125
5 0.9953125 0.4015625 0.003125 0.021875
5 0.98359375 0.38125 0.01875 0.0234375
5 0.9625 0.36484375 0.021875 0.028125
5 0.94375 0.3546875 0.0171875 0.01875
5 0.90703125 0.33125 0.0125 0.01875
5 0.8921875 0.3171875 0.0109375 0.01875
5 0.8765625 0.30546875 0.0140625 0.0203125
5 0.87890625 0.33828125 0.01875 0.028125
5 0.984375 0.3515625 0.0140625 0.021875
5 0.96328125 0.33828125 0.0140625 0.01875
5 0.94765625 0.328125 0.0140625 0.0203125
5 0.928125 0.31328125 0.0140625 0.0234375
5 0.909375 0.303125 0.0140625 0.021875
5 0.89453125 0.2921875 0.015625 0.01875
5 0.88359375 0.28203125 0.0140625 0.01875
5 0.984375 0.321875 0.0125 0.021875
5 0.965625 0.31015625 0.0125 0.01875
5 0.94765625 0.3 0.0140625 0.0140625
5 0.93203125 0.29140625 0.015625 0.0171875
5 0.91953125 0.28203125 0.0140625 0.0171875
5 0.903125 0.2703125 0.0140625 0.0171875
5 0.8890625 0.2625 0.0140625 0.021875
5 0.9921875 0.31015625 0.003125 0.0140625
5 0.99140625 0.27890625 0.003125 0.0171875
5 0.98515625 0.2890625 0.0140625 0.0140625
5 0.97109375 0.28046875 0.0140625 0.0140625
5 0.95625 0.27265625 0.0140625 0.0171875
5 0.946875 0.265625 0.0140625 0.0171875
5 0.934375 0.2609375 0.0125 0.015625
5 0.91953125 0.25234375 0.0140625 0.0140625
5 0.90390625 0.25625 0.009375 0.0125
5 0.89296875 0.246875 0.0109375 0.0125
5 0.875 0.21796875 0.0171875 0.01875
5 0.90546875 0.2375 0.0171875 0.021875
5 0.8875 0.2296875 0.0171875 0.0234375