5 0.784375 0.071875 0.01875 0.0171875
5 0.7953125 0.09609375 0.0140625 0.021875
5 0.7671875 0.0953125 0.015625 0.0203125
5 0.7890625 0.1125 0.01875 0.0203125
5 0.77109375 0.1390625 0.0203125 0.01875
5 0.76015625 0.15703125 0.0203125 0.0234375
5 0.75703125 0.10390625 0.0171875 0.01875
5 0.75078125 0.11875 0.0171875 0.0203125
5 0.73984375 0.1359375 0.025 0.028125
5 0.71640625 0.1203125 0.01875 0.0171875
5 0.7046875 0.13359375 0.01875 0.0203125
5 0.69375 0.14921875 0.0140625 0.015625
5 0.68359375 0.1625 0.0140625 0.015625
5 0.65546875 0.19609375 0.01875 0.021875
5 0.64140625 0.21328125 0.01875 0.025
5 0.62578125 0.23203125 0.01875 0.0203125
5 0.61015625 0.2546875 0.01875 0.0234375
5 0.725 0.15234375 0.015625 0.0203125
5 0.715625 0.1671875 0.0234375 0.025
5 0.7 0.1875 0.0265625 0.0328125
5 0.6859375 0.2078125 0.025 0.0296875
5 0.73203125 0.21015625 0.0203125 0.0234375
5 0.7046875 0.2578125 0.03125 0.034375
5 0.6546875 0.24609375 0.028125 0.028125
5 0.63515625 0.2734375 0.028125 0.0296875
5 0.61328125 0.1984375 0.01875 0.0203125
5 0.62890625 0.1796875 0.015625 0.0171875
5 0.5609375 0.2625 0.01875 0.0234375
5 0.509375 0.26875 0.01875 0.0234375
5 0.65859375 0.14765625 0.01875 0.01875
5 0.6703125 0.13359375 0.015625 0.015625
5 0.68203125 0.1234375 0.0171875 0.015625
5 0.6890625 0.11171875 0.0140625 0.0171875
5 0.56796875 0.20390625 0.015625 0.0234375
5 0.52421875 0.221875 0.0125 0.0171875
5 0.53828125 0.2046875 0.015625 0.01875
5 0.55703125 0.1875 0.0125 0.015625
5 0.53125 0.18046875 0.015625 0.0234375
5 0.51875 0.1984375 0.015625 0.021875
5 0.50859375 0.1859375 0.01875 0.021875
5 0.56875 0.17265625 0.0140625 0.015625
5 0.54921875 0.16640625 0.015625 0.01875
5 0.5359375 0.1578125 0.015625 0.0203125
5 0.58359375 0.18515625 0.01875 0.0203125
5 0.60234375 0.16796875 0.0171875 0.025
5 0.61875 0.15078125 0.015625 0.01875
5 0.640625 0.16796875 0.0125 0.015625
5 0.6328125 0.13828125 0.015625 0.0140625
5 0.64453125 0.1265625 0.0125 0.015625
5 0.5640625 0.15234375 0.015625 0.01875
5 0.5578125 0.140625 0.01875 0.01875
5 0.57578125 0.14375 0.01875 0.0203125
5 0.58984375 0.13125 0.015625 0.01875
5 0.5765625 0.1234375 0.015625 0.0203125
5 0.6015625 0.12109375 0.015625 0.01875
5 0.58984375 0.1125 0.0171875 0.0203125
5 0.61328125 0.10859375 0.015625 0.01875
5 0.6015625 0.10234375 0.015625 0.01875
5 0.63046875 0.09296875 0.015625 0.01875
5 0.61484375 0.09140625 0.0171875 0.0171875
5 0.6421875 0.08125 0.0140625 0.01875
5 0.65234375 0.07109375 0.0140625 0.0140625
5 0.65078125 0.05703125 0.0125 0.015625
5 0.6609375 0.065625 0.0140625 0.0171875
5 0.66875 0.05859375 0.015625 0.0171875
5 0.67734375 0.05 0.0140625 0.015625
5 0.4921875 0.19765625 0.0171875 0.0234375
5 0.4859375 0.228125 0.0171875 0.025
5 0.4765625 0.21484375 0.0171875 0.0265625
5 0.465625 0.25078125 0.021875 0.025
5 0.459375 0.23203125 0.0171875 0.025
5 0.48515625 0.2578125 0.015625 0.0203125
5 0.4390625 0.253125 0.01875 0.0234375
5 0.44375 0.27109375 0.0171875 0.025
5 0.4171875 0.2671875 0.0234375 0.028125
5 0.4234375 0.29140625 0.021875 0.028125
5 0.40390625 0.3140625 0.021875 0.028125
5 0.396875 0.2875 0.0265625 0.03125
5 0.37578125 0.33671875 0.025 0.03125
5 0.34765625 0.3375 0.03125 0.03125
5 0.3453125 0.36328125 0.0296875 0.0296875
5 0.315625 0.3609375 0.0296875 0.03125
5 0.31640625 0.39375 0.03125 0.034375
5 0.31953125 0.428125 0.0265625 0.0296875
5 0.48828125 0.2984375 0.015625 0.0203125
5 0.4421875 0.30546875 0.015625 0.021875
5 0.4671875 0.32421875 0.0203125 0.0234375
5 0.43515625 0.353125 0.0203125 0.0265625
5 0.40546875 0.3875 0.021875 0.0265625
5 0.37578125 0.421875 0.0203125 0.0265625
5 0.3359375 0.4671875 0.0265625 0.0359375
5 0.5203125 0.31796875 0.01875 0.0265625
5 0.49140625 0.35 0.021875 0.03125
5 0.46328125 0.38125 0.025 0.034375
5 0.56953125 0.30546875 0.01875 0.028125
5 0.52421875 0.36171875 0.028125 0.034375
5 0.5953125 0.33515625 0.0328125 0.040625
5 0.56875 0.375 0.0390625 0.0453125
5 0.53984375 0.41796875 0.0375 0.0515625
5 0.4984375 0.40625 0.0234375 0.0359375
5 0.46328125 0.4375 0.0296875 0.0453125
5 0.828125 0.2703125 0.0265625 0.0421875
5 0.8109375 0.1796875 0.021875 0.0328125
5 0.8015625 0.19765625 0.0265625 0.0359375
5 0.79453125 0.2265625 0.028125 0.028125
5 0.778125 0.259375 0.0296875 0.034375
5 0.7640625 0.2921875 0.0296875 0.0390625
5 0.74609375 0.321875 0.0296875 0.0265625
5 0.7109375 0.4 0.03125 0.0359375
5 0.6890625 0.45390625 0.04375 0.0421875
5 0.665625 0.49140625 0.04375 0.0640625
5 0.82109375 0.30078125 0.0390625 0.0375
5 0.81328125 0.334375 0.0515625 0.0484375
5 0.80546875 0.38359375 0.0484375 0.05
5 0.73984375 0.35546875 0.0296875 0.025
5 0.7765625 0.43828125 0.0546875 0.065625
5 0.7546875 0.5078125 0.0578125 0.0828125
5 0.68359375 0.2828125 0.021875 0.0296875
5 0.66875 0.315625 0.0375 0.0484375
5 0.6515625 0.3453125 0.0390625 0.0359375
5 0.6265625 0.38671875 0.0359375 0.0359375
5 0.6 0.4265625 0.040625 0.0484375
5 0.5734375 0.4640625 0.046875 0.046875
5 0.621875 0.29921875 0.028125 0.0203125
5 0.546875 0.3359375 0.0171875 0.025
5 0.53125 0.24921875 0.01875 0.0203125
5 0.72578125 0.56953125 0.0609375 0.09375
5 0.70390625 0.6625 0.075 0.1046875
5 0.659375 0.7609375 0.0796875 0.128125
5 0.565625 0.7125 0.0671875 0.0921875
5 0.85703125 0.57890625 0.059375 0.0921875
5 0.84296875 0.6578125 0.0890625 0.128125
5 0.82421875 0.76640625 0.0953125 0.1140625
5 0.865625 0.48828125 0.025 0.078125
5 0.8078125 0.86640625 0.096875 0.1265625
5 0.6109375 0.9109375 0.1015625 0.1515625
5 0.53125 0.53203125 0.03125 0.059375
5 0.49453125 0.59609375 0.0453125 0.0609375
5 0.503125 0.46640625 0.040625 0.0421875
5 0.4671875 0.515625 0.046875 0.0578125
5 0.43203125 0.42421875 0.025 0.0359375
5 0.40078125 0.46015625 0.015625 0.028125
5 0.42890625 0.4953125 0.03125 0.0421875
5 0.43125 0.571875 0.0375 0.0578125
5 0.3921875 0.5359375 0.0265625 0.034375
5 0.3609375 0.5046875 0.034375 0.0453125
5 0.1703125 0.49453125 0.0296875 0.0375
5 0.134375 0.53828125 0.0171875 0.04375
5 0.1546875 0.54921875 0.0359375 0.0390625
5 0.2078125 0.51640625 0.03125 0.025
5 0.246875 0.509375 0.0234375 0.0203125
5 0.29296875 0.51640625 0.034375 0.0390625
5 0.315625 0.56015625 0.03125 0.0421875
5 0.34609375 0.590625 0.0359375 0.0546875
5 0.2015625 0.5484375 0.0265625 0.0296875
5 0.24140625 0.57265625 0.0328125 0.040625
5 0.1515625 0.60390625 0.028125 0.0375
5 0.18046875 0.6328125 0.040625 0.059375
5 0.2078125 0.696875 0.0359375 0.059375
5 0.2625 0.61953125 0.0359375 0.0515625
5 0.29453125 0.6640625 0.0421875 0.059375
5 0.32578125 0.73359375 0.05625 0.0875
5 0.24453125 0.753125 0.0546875 0.0703125
5 0.26484375 0.828125 0.0546875 0.0828125
5 0.38984375 0.8046875 0.05625 0.0734375
5 0.51328125 0.8328125 0.05 0.0921875
5 0.31484375 0.89765625 0.075 0.1234375
5 0.24375 0.978125 0.059375 0.04375
5 0.45234375 0.98984375 0.0734375 0.0203125
5 0.89296875 0.0625 0.01875 0.0171875
5 0.8859375 0.08828125 0.0140625 0.021875
5 0.91328125 0.0828125 0.015625 0.0203125
5 0.8953125 0.103125 0.01875 0.0203125
5 0.9171875 0.1265625 0.0203125 0.01875
5 0.93125 0.1421875 0.0203125 0.0234375
5 0.925 0.08984375 0.0171875 0.01875
5 0.934375 0.103125 0.0171875 0.0203125
5 0.94765625 0.1171875 0.025 0.028125
5 0.96328125 0.0984375 0.0078125 0.015625
5 0.9640625 0.13125 0.0125 0.0203125
5 0.96875 0.14453125 0.00625 0.0234375
5 0.9671875 0.1890625 0.0171875 0.0234375
5 0.884375 0.265625 0.0265625 0.0421875
5 0.88515625 0.17265625 0.021875 0.0328125
5 0.89765625 0.1890625 0.0265625 0.0359375
5 0.909375 0.21640625 0.028125 0.028125
5 0.93125 0.24609375 0.0296875 0.034375
5 0.95078125 0.27578125 0.0296875 0.0390625
5 0.971875 0.30078125 0.0265625 0.025
5 0.89609375 0.29453125 0.0390625 0.0375
5 0.91015625 0.32578125 0.0515625 0.0484375
5 0.9265625 0.3734375 0.0484375 0.05
5 0.9796875 0.334375 0.0171875 0.0234375
5 0.9640625 0.421875 0.0546875 0.065625
5 0.984375 0.48671875 0.03125 0.0796875
5 0.909375 0.57421875 0.059375 0.0921875
5 0.93671875 0.65 0.0890625 0.128125
5 0.96328125 0.75234375 0.0734375 0.1140625
5 0.884375 0.48671875 0.025 0.078125
5 0.97890625 0.85 0.0421875 0.125
5 0.0765625 0.50234375 0.0296875 0.0375
5 0.11953125 0.53984375 0.0171875 0.04375
5 0.1015625 0.55390625 0.0359375 0.0390625
5 0.04296875 0.53046875 0.03125 0.025
5 0.0078125 0.53046875 0.015625 0.0203125
5 0.05546875 0.5609375 0.0265625 0.0296875
5 0.02109375 0.5921875 0.0328125 0.040625
5 0.1140625 0.6078125 0.028125 0.0375
5 0.090625 0.640625 0.040625 0.059375
5 0.07421875 0.70859375 0.0359375 0.059375
5 0.01640625 0.640625 0.0171875 0.05
5 0.0484375 0.7703125 0.0546875 0.0703125
5 0.04765625 0.846875 0.04375 0.08125
5 0.0359375 0.921875 0.0125 0.11875
5 0.090625 0.98515625 0.059375 0.0296875