5 0.140625 0.378125 0.021875 0.0375
5 0.190625 0.35625 0.0265625 0.034375
5 0.2390625 0.3359375 0.0328125 0.03125
5 0.284375 0.31875 0.028125 0.0296875
5 0.325 0.3046875 0.0171875 0.0203125
5 0.3640625 0.2890625 0.025 0.025
5 0.4 0.2828125 0.0234375 0.028125
5 0.1609375 0.3984375 0.034375 0.0359375
5 0.2234375 0.378125 0.03125 0.0421875
5 0.271875 0.3578125 0.034375 0.0375
5 0.31875 0.3359375 0.028125 0.0359375
5 0.35625 0.325 0.0296875 0.034375
5 0.3921875 0.3078125 0.0265625 0.0296875
5 0.428125 0.2953125 0.0234375 0.0328125
5 0.459375 0.2859375 0.021875 0.028125
5 0.1453125 0.4515625 0.028125 0.03125
5 0.2046875 0.4203125 0.025 0.0359375
5 0.2609375 0.3953125 0.021875 0.0328125
5 0.3078125 0.3703125 0.028125 0.0328125
5 0.3484375 0.35625 0.0265625 0.028125
5 0.1625 0.4859375 0.0359375 0.046875
5 0.3015625 0.41875 0.0296875 0.0421875
5 0.3546875 0.3984375 0.021875 0.03125
5 0.40625 0.375 0.021875 0.0203125
5 0.44375 0.35625 0.021875 0.0265625
5 0.4796875 0.3375 0.01875 0.0265625
5 0.3640625 0.446875 0.025 0.040625
5 0.171875 0.5484375 0.03125 0.05
5 0.3390625 0.521875 0.0140625 0.0515625
5 0.4609375 0.259375 0.021875 0.0265625
5 0.4890625 0.2484375 0.0234375 0.0234375
5 0.4859375 0.2703125 0.0234375 0.0328125
5 0.5109375 0.24375 0.0203125 0.021875
5 0.5125 0.2640625 0.021875 0.0234375
5 0.5375 0.25625 0.021875 0.021875
5 0.5609375 0.2421875 0.0203125 0.021875
5 0.5359375 0.234375 0.0171875 0.021875
5 0.553125 0.2296875 0.0171875 0.01875
5 0.5765625 0.2171875 0.021875 0.0265625
5 0.596875 0.2125 0.021875 0.01875
5 0.603125 0.2265625 0.0171875 0.01875
5 0.621875 0.2171875 0.0171875 0.021875
5 0.640625 0.2109375 0.0171875 0.01875
5 0.63125 0.1984375 0.0140625 0.0171875
5 0.6546875 0.2046875 0.0140625 0.015625
5 0.6515625 0.190625 0.0125 0.01875
5 0.665625 0.184375 0.0125 0.01875
5 0.68125 0.1796875 0.0140625 0.0203125
5 0.6734375 0.2 0.015625 0.01875
5 0.6875 0.19375 0.015625 0.0171875
5 0.7015625 0.1890625 0.015625 0.015625
5 0.5171875 0.3234375 0.015625 0.021875
5 0.55 0.3109375 0.0125 0.021875
5 0.5734375 0.2890625 0.01875 0.021875
5 0.6484375 0.2546875 0.015625 0.0171875
5 0.6671875 0.24375 0.015625 0.0203125
5 0.6921875 0.26875 0.0203125 0.01875
5 0.7109375 0.259375 0.0140625 0.01875
5 0.746875 0.2375 0.01875 0.021875
5 0.7625 0.23125 0.0171875 0.021875
5 0.7765625 0.2265625 0.015625 0.0171875
5 0.796875 0.2484375 0.0171875 0.01875
5 0.759375 0.30625 0.0265625 0.028125
5 0.7765625 0.29375 0.025 0.025
5 0.79375 0.284375 0.0234375 0.0296875
5 0.8109375 0.2734375 0.021875 0.025
5 0.8265625 0.2609375 0.0234375 0.0265625
5 0.84375 0.253125 0.0140625 0.0234375
5 0.8546875 0.24375 0.0140625 0.0203125
5 0.8671875 0.2359375 0.0140625 0.015625
5 0.7203125 0.33125 0.0296875 0.03125
5 0.6921875 0.3484375 0.0265625 0.0265625
5 0.634375 0.3859375 0.028125 0.0359375
5 0.6 0.4140625 0.03125 0.040625
5 0.5609375 0.440625 0.034375 0.0484375
5 0.5125 0.4734375 0.0328125 0.040625
5 0.4984375 0.3765625 0.021875 0.028125
5 0.5328125 0.35625 0.01875 0.028125
5 0.5671875 0.3390625 0.01875 0.0234375
5 0.625 0.3078125 0.0171875 0.025
5 0.5265625 0.4140625 0.01875 0.0328125
5 0.5609375 0.384375 0.0265625 0.0296875
5 0.621875 0.3515625 0.0171875 0.021875
5 0.6734375 0.3203125 0.01875 0.021875
5 0.69375 0.3046875 0.015625 0.021875
5 0.715625 0.290625 0.0171875 0.0234375
5 0.734375 0.2828125 0.01875 0.0234375
5 0.671875 0.36875 0.0234375 0.0234375
5 0.1875 0.625 0.0515625 0.0609375
5 0.1359375 0.865625 0.021875 0.0984375
5 0.2734375 0.628125 0.053125 0.0484375
5 0.3515625 0.5859375 0.034375 0.0640625
5 0.3234375 0.7203125 0.028125 0.0765625
5 0.3171875 0.925 0.08125 0.1046875
5 0.4140625 0.821875 0.0484375 0.115625
5 0.4140625 0.5484375 0.0359375 0.025
5 0.3953125 0.64375 0.0484375 0.0671875
5 0.4703125 0.5859375 0.0359375 0.0640625
5 0.490625 0.9296875 0.0875 0.1375
5 0.690625 0.95078125 0.084375 0.0984375
5 0.7359375 0.884375 0.08125 0.115625
5 0.784375 0.7953125 0.0734375 0.1328125
5 0.8265625 0.7265625 0.0671875 0.090625
5 0.853125 0.66875 0.0234375 0.08125
5 0.5015625 0.7265625 0.0609375 0.0828125
5 0.5765625 0.8140625 0.0765625 0.1171875
5 0.6484375 0.7390625 0.05625 0.09375
5 0.69375 0.6640625 0.046875 0.0921875
5 0.7390625 0.615625 0.0453125 0.0890625
5 0.78125 0.5609375 0.04375 0.071875
5 0.821875 0.521875 0.0390625 0.0515625
5 0.8390625 0.48125 0.0421875 0.05
5 0.85625 0.4484375 0.0359375 0.034375
5 0.5578125 0.65625 0.04375 0.0640625
5 0.621875 0.6078125 0.05625 0.0671875
5 0.6578125 0.5625 0.0390625 0.0671875
5 0.69375 0.5390625 0.0359375 0.053125
5 0.7265625 0.4953125 0.03125 0.04375
5 0.76875 0.465625 0.025 0.03125
5 0.5296875 0.5375 0.04375 0.06875
5 0.5859375 0.5140625 0.0375 0.06875
5 0.6171875 0.4734375 0.0359375 0.046875
5 0.6546875 0.45 0.0234375 0.0328125
5 0.6875 0.415625 0.0359375 0.0359375
5 0.7109375 0.3984375 0.0265625 0.0515625
5 0.7578125 0.3578125 0.03125 0.0421875
5 0.8 0.3265625 0.0234375 0.03125
5 0.784375 0.4390625 0.0265625 0.0328125
5 0.8078125 0.41875 0.0265625 0.0421875
5 0.8328125 0.3984375 0.0234375 0.0390625
5 0.85625 0.3703125 0.0265625 0.03125
5 0.8671875 0.35 0.0140625 0.04375
5 0.109375 0.378125 0.021875 0.0375
5 0.059375 0.35625 0.0265625 0.034375
5 0.01328125 0.3359375 0.0265625 0.03125
5 0.0890625 0.3984375 0.034375 0.0359375
5 0.0265625 0.378125 0.03125 0.0421875
5 0.1046875 0.4515625 0.028125 0.03125
5 0.0453125 0.4203125 0.025 0.0359375
5 0.0875 0.4859375 0.0359375 0.046875
5 0.078125 0.5484375 0.03125 0.05
5 0.996875 0.2375 0.00625 0.021875
5 0.9875 0.23125 0.0171875 0.021875
5 0.9734375 0.2265625 0.015625 0.0171875
5 0.953125 0.2484375 0.0171875 0.01875
5 0.98828125 0.30625 0.0234375 0.028125
5 0.9734375 0.29375 0.025 0.025
5 0.95625 0.284375 0.0234375 0.0296875
5 0.9390625 0.2734375 0.021875 0.025
5 0.9234375 0.2609375 0.0234375 0.0265625
5 0.90625 0.253125 0.0140625 0.0234375
5 0.8953125 0.24375 0.0140625 0.0203125
5 0.8828125 0.2359375 0.0140625 0.015625
5 0.0625 0.625 0.0515625 0.0609375
5 0.1140625 0.865625 0.021875 0.0984375
5 0.0015625 0.62734375 0.003125 0.0484375
5 0.98671875 0.884375 0.0265625 0.115625
5 0.9640625 0.79453125 0.071875 0.1328125
5 0.9234375 0.7265625 0.0671875 0.090625
5 0.896875 0.66875 0.0234375 0.08125
5 0.99375 0.61484375 0.0125 0.0890625
5 0.96875 0.5609375 0.04375 0.071875
5 0.928125 0.521875 0.0390625 0.0515625
5 0.9109375 0.48125 0.0421875 0.05
5 0.89375 0.4484375 0.0359375 0.034375
5 0.98125 0.465625 0.025 0.03125
5 0.98828125 0.35703125 0.0234375 0.0421875
5 0.95 0.3265625 0.0234375 0.03125
5 0.965625 0.4390625 0.0265625 0.0328125
5 0.9421875 0.41875 0.0265625 0.0421875
5 0.9171875 0.3984375 0.0234375 0.0390625
5 0.89375 0.3703125 0.0265625 0.03125
5 0.8828125 0.35 0.0140625 0.04375