5 0.6203125 0.9 0.06875 0.15625
5 0.7484375 0.8234375 0.0984375 0.1859375
5 0.40625 0.8109375 0.0859375 0.1484375
5 0.2703125 0.875 0.0796875 0.121875
5 0.1515625 0.871875 0.0546875 0.115625
5 0.190625 0.703125 0.0578125 0.078125
5 0.2953125 0.6875 0.053125 0.121875
5 0.409375 0.625 0.0609375 0.1046875
5 0.5828125 0.65625 0.078125 0.1390625
5 0.6875 0.6 0.0859375 0.140625
5 0.8265625 0.565625 0.0921875 0.1328125
5 0.14375 0.5859375 0.0359375 0.078125
5 0.221875 0.5859375 0.0484375 0.078125
5 0.315625 0.5578125 0.065625 0.1
5 0.4171875 0.49375 0.0640625 0.0890625
5 0.559375 0.528125 0.0515625 0.0921875
5 0.6515625 0.4765625 0.071875 0.103125
5 0.78125 0.4640625 0.0734375 0.0953125
5 0.846875 0.4171875 0.05625 0.0921875
5 0.5421875 0.421875 0.05625 0.0921875
5 0.6203125 0.3765625 0.0578125 0.078125
5 0.7390625 0.3734375 0.0734375 0.1015625
5 0.809375 0.328125 0.0640625 0.0921875
5 0.8453125 0.23125 0.046875 0.071875
5 0.80625 0.1828125 0.0390625 0.0765625
5 0.8546875 0.15625 0.0375 0.0640625
5 0.7703125 0.271875 0.05625 0.0640625
5 0.7046875 0.2984375 0.059375 0.0734375
5 0.68125 0.24375 0.053125 0.0578125
5 0.7390625 0.2171875 0.0421875 0.0625
5 0.6609375 0.203125 0.0484375 0.071875
5 0.7140625 0.1765625 0.046875 0.059375
5 0.7671875 0.1359375 0.04375 0.05625
5 0.8109375 0.1109375 0.0421875 0.05
5 0.640625 0.1609375 0.0390625 0.05625
5 0.6265625 0.1234375 0.0296875 0.04375
5 0.6109375 0.096875 0.03125 0.0515625
5 0.603125 0.06875 0.03125 0.0390625
5 0.5859375 0.0453125 0.0265625 0.0359375
5 0.690625 0.1359375 0.0484375 0.0375
5 0.675 0.1078125 0.0421875 0.0421875
5 0.6546875 0.08125 0.034375 0.0296875
5 0.6421875 0.0515625 0.0375 0.0359375
5 0.746875 0.0984375 0.0375 0.0390625
5 0.71875 0.0765625 0.0296875 0.046875
5 0.6984375 0.0453125 0.0328125 0.04375
5 0.6828125 0.028125 0.0328125 0.0390625
5 0.6671875 0.0109375 0.0359375 0.021875
5 0.784375 0.0796875 0.0375 0.0421875
5 0.759375 0.0546875 0.0375 0.0421875
5 0.7375 0.0296875 0.0328125 0.0390625
5 0.715625 0.0140625 0.0328125 0.028125
5 0.6015625 0.3078125 0.046875 0.059375
5 0.5828125 0.2453125 0.053125 0.05625
5 0.5734375 0.1890625 0.0359375 0.04375
5 0.5515625 0.1453125 0.0390625 0.0421875
5 0.54375 0.1171875 0.028125 0.03125
5 0.8609375 0.0765625 0.028125 0.0359375
5 0.828125 0.059375 0.0359375 0.040625
5 0.7984375 0.0375 0.03125 0.0375
5 0.1671875 0.4875 0.0375 0.06875
5 0.2453125 0.4703125 0.053125 0.078125
5 0.325 0.4609375 0.053125 0.0828125
5 0.4203125 0.403125 0.053125 0.0828125
5 0.3375 0.371875 0.05 0.0734375
5 0.3515625 0.296875 0.0328125 0.053125
5 0.4203125 0.328125 0.040625 0.071875
5 0.421875 0.2765625 0.0359375 0.0421875
5 0.534375 0.3453125 0.04375 0.05625
5 0.521875 0.2984375 0.04375 0.053125
5 0.1984375 0.3921875 0.0390625 0.0484375
5 0.97578125 0.82265625 0.0484375 0.1859375
5 0.009375 0.875 0.01875 0.121875
5 0.0984375 0.871875 0.0546875 0.115625
5 0.059375 0.703125 0.0578125 0.078125
5 0.9234375 0.565625 0.0921875 0.1328125
5 0.10625 0.5859375 0.0359375 0.078125
5 0.028125 0.5859375 0.0484375 0.078125
5 0.965625 0.46328125 0.06875 0.0953125
5 0.903125 0.4171875 0.05625 0.0921875
5 0.98671875 0.37265625 0.0265625 0.1015625
5 0.940625 0.328125 0.0640625 0.0921875
5 0.9046875 0.23125 0.046875 0.071875
5 0.94375 0.1828125 0.0390625 0.0765625
5 0.8953125 0.15625 0.0375 0.0640625
5 0.97578125 0.27109375 0.0484375 0.0640625
5 0.99453125 0.2171875 0.0109375 0.0625
5 0.98046875 0.1359375 0.0390625 0.05625
5 0.9390625 0.1109375 0.0421875 0.05
5 0.9921875 0.09765625 0.015625 0.0390625
5 0.965625 0.0796875 0.0375 0.0421875
5 0.9859375 0.05390625 0.028125 0.0421875
5 0.99765625 0.02890625 0.0046875 0.0390625
5 0.8890625 0.0765625 0.028125 0.0359375
5 0.921875 0.059375 0.0359375 0.040625
5 0.9515625 0.0375 0.03125 0.0375
5 0.0828125 0.4875 0.0375 0.06875
5 0.015625 0.4703125 0.03125 0.078125
5 0.0515625 0.3921875 0.0390625 0.0484375