5 0.62734375 0.89765625 0.071875 0.1578125
5 0.75390625 0.81875 0.1015625 0.1875
5 0.41171875 0.8125 0.0890625 0.15
5 0.2765625 0.87890625 0.08125 0.1234375
5 0.1578125 0.878125 0.05625 0.1171875
5 0.19453125 0.70859375 0.059375 0.0796875
5 0.2984375 0.69140625 0.0546875 0.1234375
5 0.41171875 0.6265625 0.0625 0.10625
5 0.58515625 0.6546875 0.08125 0.140625
5 0.6890625 0.596875 0.0890625 0.1421875
5 0.82734375 0.56015625 0.09375 0.134375
5 0.1453125 0.5921875 0.0375 0.078125
5 0.2234375 0.590625 0.05 0.0796875
5 0.31640625 0.5609375 0.0671875 0.1015625
5 0.4171875 0.4953125 0.065625 0.090625
5 0.56015625 0.52734375 0.053125 0.09375
5 0.65078125 0.47421875 0.0734375 0.1046875
5 0.78046875 0.459375 0.075 0.096875
5 0.8453125 0.4109375 0.0578125 0.09375
5 0.540625 0.42109375 0.0578125 0.09375
5 0.61796875 0.37421875 0.059375 0.0796875
5 0.73671875 0.36953125 0.075 0.103125
5 0.80625 0.32265625 0.065625 0.09375
5 0.840625 0.225 0.0484375 0.0734375
5 0.80078125 0.17734375 0.040625 0.0765625
5 0.8484375 0.15 0.0390625 0.0640625
5 0.76640625 0.2671875 0.0578125 0.065625
5 0.70078125 0.29453125 0.0609375 0.075
5 0.6765625 0.240625 0.0546875 0.059375
5 0.734375 0.21328125 0.04375 0.0625
5 0.65546875 0.2 0.05 0.0734375
5 0.70859375 0.17265625 0.0484375 0.0609375
5 0.7609375 0.13125 0.0453125 0.05625
5 0.80390625 0.10546875 0.04375 0.05
5 0.634375 0.15859375 0.040625 0.05625
5 0.6203125 0.12109375 0.0296875 0.04375
5 0.60390625 0.0953125 0.0328125 0.0515625
5 0.5953125 0.0671875 0.03125 0.0390625
5 0.578125 0.04375 0.0265625 0.0359375
5 0.684375 0.1328125 0.0484375 0.0390625
5 0.66796875 0.1046875 0.0421875 0.0421875
5 0.64765625 0.07890625 0.034375 0.0296875
5 0.634375 0.04921875 0.0375 0.0359375
5 0.73984375 0.09453125 0.0375 0.0390625
5 0.7109375 0.07265625 0.03125 0.046875
5 0.690625 0.0421875 0.0328125 0.04375
5 0.67421875 0.025 0.0328125 0.0390625
5 0.65859375 0.009375 0.0359375 0.01875
5 0.77734375 0.075 0.0375 0.0421875
5 0.7515625 0.05 0.0375 0.0421875
5 0.72890625 0.02578125 0.0328125 0.0390625
5 0.70703125 0.01171875 0.0328125 0.0234375
5 0.5984375 0.30625 0.0484375 0.0609375
5 0.578125 0.24375 0.0546875 0.0578125
5 0.56796875 0.1875 0.0359375 0.04375
5 0.5453125 0.14453125 0.0390625 0.0421875
5 0.53671875 0.11640625 0.028125 0.03125
5 0.853125 0.0703125 0.028125 0.0359375
5 0.8203125 0.05390625 0.0359375 0.040625
5 0.790625 0.03203125 0.03125 0.0375
5 0.1671875 0.49296875 0.0390625 0.06875
5 0.24453125 0.475 0.0546875 0.0796875
5 0.32421875 0.4640625 0.0546875 0.084375
5 0.41875 0.4046875 0.0546875 0.084375
5 0.33515625 0.375 0.0515625 0.075
5 0.34765625 0.29921875 0.034375 0.053125
5 0.4171875 0.3296875 0.0421875 0.071875
5 0.41796875 0.278125 0.0359375 0.0421875
5 0.53203125 0.34453125 0.0453125 0.05625
5 0.51796875 0.2984375 0.0453125 0.053125
5 0.196875 0.39765625 0.040625 0.0484375
5 0.97734375 0.8140625 0.0453125 0.1875
5 0.015625 0.88359375 0.0203125 0.121875
5 0.1046875 0.87890625 0.05625 0.1171875
5 0.06328125 0.7109375 0.059375 0.0796875
5 0.92421875 0.55859375 0.09375 0.134375
5 0.1078125 0.59296875 0.0375 0.078125
5 0.0296875 0.59453125 0.05 0.0796875
5 0.96484375 0.45546875 0.0703125 0.096875
5 0.9015625 0.41015625 0.0578125 0.09375
5 0.984375 0.3640625 0.028125 0.1015625
5 0.9375 0.3203125 0.065625 0.09375
5 0.9 0.22421875 0.0484375 0.0734375
5 0.93828125 0.175 0.040625 0.0765625
5 0.8890625 0.14921875 0.0390625 0.0640625
5 0.971875 0.2625 0.05 0.065625
5 0.98984375 0.20859375 0.0125 0.0625
5 0.97421875 0.12734375 0.040625 0.05625
5 0.93203125 0.103125 0.04375 0.05
5 0.98515625 0.0890625 0.015625 0.0390625
5 0.95859375 0.071875 0.0375 0.0421875
5 0.978125 0.0453125 0.028125 0.0421875
5 0.9890625 0.0203125 0.0046875 0.0390625
5 0.88125 0.06953125 0.028125 0.0359375
5 0.9140625 0.05234375 0.0359375 0.040625
5 0.94375 0.0296875 0.03125 0.0375
5 0.0828125 0.49453125 0.0390625 0.06875
5 0.015625 0.478125 0.03125 0.078125
5 0.05 0.4 0.040625 0.0484375