5 0.365625 0.1515625 0.0328125 0.0328125
5 0.3984375 0.121875 0.0359375 0.0375
5 0.4265625 0.09375 0.021875 0.03125
5 0.4546875 0.0671875 0.025 0.0375
5 0.4796875 0.0421875 0.0234375 0.03125
5 0.290625 0.2265625 0.0375 0.0390625
5 0.4046875 0.1734375 0.0359375 0.0390625
5 0.4359375 0.1328125 0.028125 0.0390625
5 0.46875 0.096875 0.03125 0.0375
5 0.496875 0.0734375 0.0328125 0.0359375
5 0.521875 0.0484375 0.028125 0.03125
5 0.5453125 0.03125 0.0296875 0.03125
5 0.6015625 0.0234375 0.0328125 0.028125
5 0.584375 0.0484375 0.0359375 0.0328125
5 0.5265625 0.1 0.0390625 0.0421875
5 0.5109375 0.1328125 0.0328125 0.046875
5 0.484375 0.1703125 0.040625 0.046875
5 0.453125 0.2078125 0.0421875 0.0609375
5 0.4125 0.2515625 0.04375 0.0546875
5 0.36875 0.2953125 0.046875 0.0609375
5 0.26875 0.3140625 0.053125 0.0703125
5 0.3140625 0.265625 0.04375 0.05625
5 0.2375 0.2734375 0.0390625 0.0515625
5 0.5625 0.0109375 0.0265625 0.021875
5 0.5234375 0.2125 0.0421875 0.0609375
5 0.5515625 0.1671875 0.03125 0.053125
5 0.58125 0.13125 0.0375 0.053125
5 0.5984375 0.096875 0.0375 0.0453125
5 0.6265625 0.075 0.03125 0.0515625
5 0.6421875 0.04375 0.0328125 0.0453125
5 0.65625 0.0265625 0.0328125 0.0390625
5 0.6359375 0.1671875 0.05 0.046875
5 0.65625 0.1375 0.04375 0.0375
5 0.6734375 0.109375 0.046875 0.04375
5 0.6921875 0.0859375 0.0375 0.0375
5 0.703125 0.053125 0.0390625 0.0390625
5 0.7140625 0.0296875 0.0359375 0.028125
5 0.7671875 0.0453125 0.0328125 0.0328125
5 0.7515625 0.0703125 0.0328125 0.0328125
5 0.74375 0.1 0.0359375 0.0390625
5 0.728125 0.128125 0.0328125 0.0390625
5 0.715625 0.165625 0.0375 0.0515625
5 0.6953125 0.209375 0.0578125 0.071875
5 0.6828125 0.2484375 0.0375 0.05625
5 0.775 0.3375 0.0546875 0.075
5 0.79375 0.271875 0.0671875 0.0640625
5 0.79375 0.2109375 0.040625 0.0390625
5 0.815625 0.1625 0.046875 0.046875
5 0.81875 0.1265625 0.0359375 0.0359375
5 0.8203125 0.09375 0.0203125 0.0359375
5 0.6765625 0.3015625 0.0296875 0.0671875
5 0.6375 0.3765625 0.0578125 0.0859375
5 0.7578125 0.409375 0.0609375 0.0765625
5 0.859375 0.40625 0.03125 0.0734375
5 0.85625 0.4890625 0.0375 0.1
5 0.85 0.6234375 0.05 0.109375
5 0.83125 0.7609375 0.0859375 0.175
5 0.6640625 0.8078125 0.103125 0.175
5 0.596875 0.96171875 0.078125 0.0765625
5 0.7046875 0.6234375 0.09375 0.1453125
5 0.7359375 0.5046875 0.075 0.103125
5 0.1765625 0.33125 0.046875 0.0515625
5 0.3171875 0.365625 0.0625 0.0703125
5 0.403125 0.3765625 0.0484375 0.0828125
5 0.45 0.309375 0.0546875 0.0640625
5 0.48125 0.44375 0.0609375 0.0828125
5 0.2125 0.38125 0.0609375 0.0875
5 0.2671875 0.4328125 0.0515625 0.0953125
5 0.19375 0.51875 0.065625 0.0890625
5 0.14375 0.4515625 0.0375 0.0671875
5 0.26875 0.571875 0.078125 0.1484375
5 0.3453125 0.459375 0.0703125 0.121875
5 0.4234375 0.5640625 0.0671875 0.1046875
5 0.56875 0.525 0.08125 0.1125
5 0.5109375 0.6578125 0.0515625 0.1015625
5 0.3546875 0.6765625 0.0578125 0.0984375
5 0.2734375 0.8640625 0.0890625 0.1859375
5 0.3875 0.946875 0.096875 0.10625
5 0.4640625 0.8125 0.0765625 0.096875
5 0.6015625 0.446875 0.0625 0.0734375
5 0.00390625 0.31328125 0.0078125 0.0703125
5 0.015625 0.27265625 0.03125 0.0515625
5 0.9828125 0.0453125 0.0328125 0.0328125
5 0.990625 0.06953125 0.01875 0.0328125
5 0.99375 0.09921875 0.0125 0.0390625
5 0.9734375 0.3375 0.053125 0.075
5 0.95625 0.271875 0.0671875 0.0640625
5 0.95625 0.2109375 0.040625 0.0390625
5 0.934375 0.1625 0.046875 0.046875
5 0.93125 0.1265625 0.0359375 0.0359375
5 0.9296875 0.09375 0.0203125 0.0359375
5 0.98046875 0.40859375 0.0390625 0.0765625
5 0.890625 0.40625 0.03125 0.0734375
5 0.89375 0.4890625 0.0375 0.1
5 0.9 0.6234375 0.05 0.109375
5 0.91875 0.7609375 0.0859375 0.175
5 0.99921875 0.62265625 0.0015625 0.1453125
5 0.98828125 0.5046875 0.0234375 0.103125
5 0.0734375 0.33125 0.046875 0.0515625
5 0.0375 0.38125 0.0609375 0.0875
5 0.00390625 0.43203125 0.0078125 0.0953125
5 0.05625 0.51875 0.065625 0.0890625
5 0.10625 0.4515625 0.0375 0.0671875
5 0.01015625 0.57109375 0.0203125 0.1484375
5 0.01015625 0.86328125 0.0203125 0.1859375