5 0.63984375 0.03125 0.034375 0.0296875
5 0.575 0.0546875 0.021875 0.03125
5 0.54609375 0.065625 0.025 0.0359375
5 0.515625 0.0765625 0.025 0.034375
5 0.47890625 0.09765625 0.0359375 0.0390625
5 0.4421875 0.11640625 0.034375 0.0359375
5 0.39921875 0.13125 0.0296875 0.03125
5 0.35546875 0.15546875 0.0390625 0.0453125
5 0.2921875 0.17734375 0.040625 0.04375
5 0.678125 0.04453125 0.0296875 0.0296875
5 0.65859375 0.05859375 0.0234375 0.03125
5 0.6421875 0.0734375 0.0265625 0.034375
5 0.6140625 0.0796875 0.0328125 0.0328125
5 0.58515625 0.090625 0.03125 0.034375
5 0.55078125 0.103125 0.0328125 0.0390625
5 0.51328125 0.1265625 0.025 0.0375
5 0.475 0.14609375 0.034375 0.0359375
5 0.43125 0.1796875 0.0359375 0.034375
5 0.36953125 0.196875 0.0609375 0.0546875
5 0.31484375 0.2265625 0.05625 0.0609375
5 0.75390625 0.0578125 0.0265625 0.0328125
5 0.734375 0.0703125 0.0296875 0.0421875
5 0.7140625 0.08359375 0.0234375 0.0390625
5 0.69296875 0.0890625 0.0296875 0.0453125
5 0.6765625 0.10390625 0.0296875 0.0375
5 0.58359375 0.1546875 0.0359375 0.0546875
5 0.55078125 0.1796875 0.0421875 0.053125
5 0.61875 0.13203125 0.0390625 0.046875
5 0.64921875 0.11953125 0.0359375 0.05
5 0.5125 0.20078125 0.04375 0.059375
5 0.46953125 0.2234375 0.046875 0.0546875
5 0.41484375 0.25234375 0.0484375 0.059375
5 0.58125 0.234375 0.0453125 0.065625
5 0.61796875 0.2078125 0.0375 0.0546875
5 0.65546875 0.18046875 0.040625 0.0484375
5 0.67890625 0.15703125 0.0375 0.0453125
5 0.70546875 0.1484375 0.034375 0.0546875
5 0.72890625 0.125 0.0296875 0.0453125
5 0.75234375 0.1140625 0.028125 0.0484375
5 0.80546875 0.14296875 0.028125 0.0453125
5 0.7859375 0.1578125 0.0375 0.040625
5 0.76953125 0.18359375 0.0375 0.0484375
5 0.7453125 0.19609375 0.0375 0.0484375
5 0.7234375 0.22109375 0.04375 0.0421875
5 0.70234375 0.2453125 0.0484375 0.0625
5 0.66953125 0.2734375 0.0453125 0.059375
5 0.63671875 0.309375 0.0515625 0.0609375
5 0.840625 0.1 0.0296875 0.04375
5 0.76875 0.09921875 0.034375 0.040625
5 0.790625 0.0765625 0.0328125 0.0453125
5 0.84765625 0.1734375 0.025 0.04375
5 0.828125 0.19921875 0.0375 0.0609375
5 0.815625 0.2234375 0.0359375 0.0625
5 0.79609375 0.2453125 0.03125 0.0578125
5 0.77421875 0.27109375 0.0390625 0.0671875
5 0.74609375 0.30078125 0.0546875 0.071875
5 0.71953125 0.32890625 0.0484375 0.06875
5 0.69296875 0.36796875 0.0546875 0.0765625
5 0.65234375 0.428125 0.06875 0.1046875
5 0.85703125 0.3 0.01875 0.053125
5 0.840625 0.34296875 0.0390625 0.040625
5 0.828125 0.396875 0.0578125 0.071875
5 0.79921875 0.4546875 0.0546875 0.0765625
5 0.7671875 0.51875 0.065625 0.090625
5 0.85 0.64296875 0.05 0.1203125
5 0.8640625 0.5515625 0.03125 0.0734375
5 0.821875 0.76640625 0.059375 0.1140625
5 0.72421875 0.59765625 0.078125 0.1109375
5 0.671875 0.70546875 0.090625 0.15
5 0.59921875 0.8640625 0.1078125 0.2171875
5 0.48828125 0.965625 0.0796875 0.06875
5 0.60390625 0.48828125 0.0625 0.09375
5 0.55859375 0.55 0.0734375 0.121875
5 0.47734375 0.6578125 0.059375 0.1203125
5 0.4046875 0.77265625 0.078125 0.1203125
5 0.284375 0.89296875 0.115625 0.1671875
5 0.20703125 0.73125 0.1171875 0.1375
5 0.31953125 0.6078125 0.065625 0.0921875
5 0.4140625 0.5265625 0.075 0.1109375
5 0.496875 0.4453125 0.0765625 0.0890625
5 0.55078125 0.3921875 0.0640625 0.084375
5 0.5953125 0.34609375 0.053125 0.084375
5 0.48984375 0.3015625 0.0578125 0.0859375
5 0.43046875 0.3421875 0.0609375 0.0890625
5 0.35859375 0.37109375 0.071875 0.065625
5 0.35 0.296875 0.0703125 0.075
5 0.28828125 0.3359375 0.0625 0.0890625
5 0.1875 0.38515625 0.0671875 0.0890625
5 0.1421875 0.303125 0.0328125 0.0609375
5 0.95 0.04765625 0.0265625 0.0328125
5 0.9671875 0.0578125 0.021875 0.0421875
5 0.97421875 0.1125 0.0140625 0.04375
5 0.9578125 0.10390625 0.028125 0.0484375
5 0.9078125 0.1375 0.028125 0.0453125
5 0.92890625 0.15078125 0.0375 0.040625
5 0.94765625 0.17421875 0.0375 0.0484375
5 0.9703125 0.184375 0.03125 0.0484375
5 0.98125 0.20703125 0.009375 0.040625
5 0.86875 0.09921875 0.0296875 0.04375
5 0.93984375 0.090625 0.034375 0.040625
5 0.915625 0.06953125 0.0328125 0.0453125
5 0.86953125 0.17265625 0.025 0.04375
5 0.890625 0.19609375 0.0375 0.0609375
5 0.90625 0.21875 0.0359375 0.0625
5 0.92734375 0.23828125 0.03125 0.0578125
5 0.95234375 0.26171875 0.0390625 0.0671875
5 0.97421875 0.2890625 0.034375 0.0703125
5 0.87265625 0.29921875 0.01875 0.053125
5 0.89375 0.33984375 0.0390625 0.040625
5 0.9125 0.3921875 0.0578125 0.071875
5 0.94609375 0.446875 0.0546875 0.0765625
5 0.9765625 0.50703125 0.046875 0.0890625
5 0.915625 0.6390625 0.05 0.1203125
5 0.8921875 0.55 0.03125 0.0734375
5 0.95625 0.759375 0.059375 0.1140625
5 0.9984375 0.58203125 0.003125 0.1078125
5 0.040625 0.90546875 0.0484375 0.1640625
5 0.0671875 0.73828125 0.1171875 0.1375
5 0.05 0.3921875 0.0671875 0.0890625
5 0.0859375 0.30546875 0.0328125 0.0609375