5 0.3359375 0.0390625 0.0328125 0.028125
5 0.4015625 0.059375 0.0203125 0.0296875
5 0.43125 0.06875 0.0234375 0.034375
5 0.4625 0.078125 0.0234375 0.0328125
5 0.5 0.096875 0.034375 0.0375
5 0.5375 0.1140625 0.0328125 0.034375
5 0.58125 0.1265625 0.028125 0.0296875
5 0.6265625 0.1484375 0.0375 0.04375
5 0.690625 0.1671875 0.0390625 0.0421875
5 0.2984375 0.0546875 0.028125 0.028125
5 0.31875 0.0671875 0.021875 0.0296875
5 0.3359375 0.08125 0.025 0.0328125
5 0.3640625 0.0859375 0.03125 0.03125
5 0.39375 0.0953125 0.0296875 0.0328125
5 0.428125 0.10625 0.03125 0.0375
5 0.4671875 0.128125 0.0234375 0.0359375
5 0.50625 0.1453125 0.0328125 0.034375
5 0.5515625 0.1765625 0.034375 0.0328125
5 0.6140625 0.190625 0.0578125 0.0515625
5 0.6703125 0.2171875 0.053125 0.0578125
5 0.2234375 0.071875 0.025 0.03125
5 0.24375 0.0828125 0.028125 0.040625
5 0.2640625 0.0953125 0.021875 0.0375
5 0.2859375 0.1 0.028125 0.04375
5 0.303125 0.1140625 0.028125 0.0359375
5 0.3984375 0.159375 0.0328125 0.053125
5 0.4328125 0.1828125 0.0390625 0.0515625
5 0.3625 0.1390625 0.0375 0.0453125
5 0.33125 0.128125 0.0328125 0.0484375
5 0.471875 0.2015625 0.040625 0.0578125
5 0.515625 0.221875 0.04375 0.053125
5 0.571875 0.2484375 0.0453125 0.0578125
5 0.4046875 0.2390625 0.0421875 0.0640625
5 0.3671875 0.2140625 0.034375 0.053125
5 0.328125 0.1890625 0.0375 0.046875
5 0.303125 0.1671875 0.0359375 0.04375
5 0.2765625 0.159375 0.03125 0.053125
5 0.2515625 0.1375 0.028125 0.04375
5 0.228125 0.128125 0.025 0.046875
5 0.1765625 0.159375 0.0265625 0.04375
5 0.196875 0.1734375 0.0359375 0.0390625
5 0.2140625 0.1984375 0.034375 0.046875
5 0.2390625 0.209375 0.034375 0.046875
5 0.2625 0.2328125 0.0421875 0.040625
5 0.284375 0.25625 0.0453125 0.0609375
5 0.31875 0.2828125 0.0421875 0.0578125
5 0.353125 0.3171875 0.0484375 0.0578125
5 0.1390625 0.11875 0.028125 0.0421875
5 0.2109375 0.1140625 0.0328125 0.0390625
5 0.1875 0.0921875 0.03125 0.04375
5 0.1359375 0.1921875 0.0234375 0.0421875
5 0.15625 0.2171875 0.034375 0.059375
5 0.1703125 0.240625 0.0328125 0.0609375
5 0.190625 0.2609375 0.028125 0.05625
5 0.2140625 0.2859375 0.0359375 0.065625
5 0.24375 0.3140625 0.0515625 0.06875
5 0.271875 0.340625 0.0453125 0.0671875
5 0.3 0.378125 0.0515625 0.0734375
5 0.34375 0.4359375 0.0640625 0.1015625
5 0.1328125 0.31875 0.015625 0.053125
5 0.1515625 0.3609375 0.0375 0.0390625
5 0.1671875 0.4140625 0.0546875 0.06875
5 0.1984375 0.4703125 0.0515625 0.0734375
5 0.234375 0.5328125 0.0609375 0.0875
5 0.1578125 0.6609375 0.04375 0.11875
5 0.1390625 0.5703125 0.028125 0.071875
5 0.1921875 0.7828125 0.053125 0.1109375
5 0.28125 0.609375 0.071875 0.1078125
5 0.3390625 0.7140625 0.0828125 0.1453125
5 0.4203125 0.86875 0.096875 0.2125
5 0.53515625 0.96640625 0.0765625 0.0671875
5 0.3953125 0.49375 0.0578125 0.090625
5 0.44375 0.553125 0.0671875 0.11875
5 0.53125 0.65625 0.053125 0.1171875
5 0.609375 0.7671875 0.071875 0.1171875
5 0.7359375 0.88125 0.1078125 0.1625
5 0.8046875 0.715625 0.1109375 0.13125
5 0.6859375 0.5984375 0.0609375 0.0890625
5 0.5875 0.521875 0.06875 0.1078125
5 0.5 0.4453125 0.071875 0.0859375
5 0.44375 0.3953125 0.059375 0.08125
5 0.396875 0.3515625 0.0484375 0.08125
5 0.5 0.3015625 0.053125 0.0828125
5 0.5609375 0.3390625 0.05625 0.0859375
5 0.634375 0.3640625 0.06875 0.0625
5 0.6390625 0.2890625 0.0671875 0.071875
5 0.703125 0.325 0.0578125 0.0859375
5 0.80625 0.36875 0.0625 0.0859375
5 0.846875 0.284375 0.0296875 0.059375
5 0.0265625 0.071875 0.025 0.03125
5 0.01015625 0.0828125 0.0203125 0.040625
5 0.00625 0.1375 0.0125 0.04375
5 0.021875 0.128125 0.025 0.046875
5 0.0734375 0.159375 0.0265625 0.04375
5 0.053125 0.1734375 0.0359375 0.0390625
5 0.0359375 0.1984375 0.034375 0.046875
5 0.0140625 0.209375 0.028125 0.046875
5 0.00390625 0.2328125 0.0078125 0.040625
5 0.1109375 0.11875 0.028125 0.0421875
5 0.0390625 0.1140625 0.0328125 0.0390625
5 0.0625 0.0921875 0.03125 0.04375
5 0.1140625 0.1921875 0.0234375 0.0421875
5 0.09375 0.2171875 0.034375 0.059375
5 0.0796875 0.240625 0.0328125 0.0609375
5 0.059375 0.2609375 0.028125 0.05625
5 0.0359375 0.2859375 0.0359375 0.065625
5 0.015625 0.3140625 0.03125 0.06875
5 0.1171875 0.31875 0.015625 0.053125
5 0.0984375 0.3609375 0.0375 0.0390625
5 0.0828125 0.4140625 0.0546875 0.06875
5 0.0515625 0.4703125 0.0515625 0.0734375
5 0.02265625 0.5328125 0.0453125 0.0875
5 0.0921875 0.6609375 0.04375 0.11875
5 0.1109375 0.5703125 0.028125 0.071875
5 0.0578125 0.7828125 0.053125 0.1109375
5 0.00234375 0.60859375 0.0046875 0.1078125
5 0.9796875 0.88125 0.040625 0.1625
5 0.94453125 0.715625 0.1109375 0.13125
5 0.94375 0.36875 0.0625 0.0859375
5 0.903125 0.284375 0.0296875 0.059375