5 0.3953125 0.953125 0.078125 0.0921875
5 0.6046875 0.8890625 0.1078125 0.221875
5 0.6859375 0.715625 0.0859375 0.18125
5 0.2953125 0.8390625 0.103125 0.2078125
5 0.2234375 0.671875 0.0984375 0.1453125
5 0.1734375 0.55625 0.0890625 0.1171875
5 0.146875 0.46875 0.04375 0.09375
5 0.496875 0.73125 0.0703125 0.1328125
5 0.4328125 0.6203125 0.059375 0.1078125
5 0.5828125 0.5734375 0.0625 0.084375
5 0.85625 0.6328125 0.0359375 0.1234375
5 0.6515625 0.428125 0.078125 0.1421875
5 0.8109375 0.4171875 0.075 0.0890625
5 0.8359375 0.3265625 0.0625 0.0828125
5 0.71875 0.35 0.059375 0.090625
5 0.75625 0.26875 0.053125 0.078125
5 0.7828125 0.1984375 0.0625 0.08125
5 0.85 0.2296875 0.046875 0.0625
5 0.35 0.50625 0.0703125 0.1265625
5 0.30625 0.440625 0.065625 0.1015625
5 0.2625 0.3765625 0.078125 0.1015625
5 0.2203125 0.3171875 0.0609375 0.0875
5 0.190625 0.259375 0.053125 0.0828125
5 0.165625 0.234375 0.0515625 0.0875
5 0.5 0.4859375 0.0765625 0.121875
5 0.5625 0.3515625 0.0671875 0.103125
5 0.634375 0.296875 0.0609375 0.090625
5 0.675 0.2296875 0.065625 0.078125
5 0.696875 0.15625 0.0484375 0.0546875
5 0.4234375 0.3921875 0.078125 0.0890625
5 0.4953125 0.29375 0.05625 0.0921875
5 0.578125 0.2484375 0.065625 0.0765625
5 0.6125 0.184375 0.05625 0.071875
5 0.640625 0.1359375 0.0390625 0.05
5 0.3703125 0.3375 0.0609375 0.0828125
5 0.4390625 0.25 0.059375 0.0859375
5 0.5140625 0.2 0.05 0.0640625
5 0.5640625 0.1453125 0.0515625 0.059375
5 0.325 0.2859375 0.0609375 0.0640625
5 0.346875 0.1640625 0.04375 0.0625
5 0.41875 0.140625 0.0453125 0.0671875
5 0.4640625 0.1734375 0.0484375 0.06875
5 0.3828125 0.1109375 0.046875 0.0609375
5 0.2875 0.246875 0.053125 0.0640625
5 0.2515625 0.209375 0.0546875 0.06875
5 0.221875 0.1671875 0.05 0.05625
5 0.19375 0.1484375 0.05625 0.0390625
5 0.171875 0.1234375 0.0515625 0.0421875
5 0.153125 0.10625 0.046875 0.0375
5 0.3109375 0.140625 0.0390625 0.0484375
5 0.2703125 0.10625 0.04375 0.0546875
5 0.3515625 0.0875 0.034375 0.05
5 0.4625 0.0890625 0.0375 0.0421875
5 0.4984375 0.059375 0.0359375 0.0375
5 0.4625 0.0328125 0.0296875 0.0421875
5 0.421875 0.05625 0.03125 0.0484375
5 0.3828125 0.0359375 0.0390625 0.04375
5 0.3125 0.0640625 0.046875 0.0578125
5 0.003125 0.83828125 0.00625 0.2078125
5 0.0375 0.67109375 0.075 0.1453125
5 0.0765625 0.55625 0.0890625 0.1171875
5 0.103125 0.46875 0.04375 0.09375
5 0.89375 0.6328125 0.0359375 0.1234375
5 0.9390625 0.4171875 0.075 0.0890625
5 0.9140625 0.3265625 0.0625 0.0828125
5 0.98359375 0.26875 0.0328125 0.078125
5 0.9671875 0.1984375 0.0625 0.08125
5 0.9 0.2296875 0.046875 0.0625
5 0.01328125 0.37578125 0.0265625 0.1015625
5 0.0296875 0.3171875 0.059375 0.0875
5 0.059375 0.259375 0.053125 0.0828125
5 0.084375 0.234375 0.0515625 0.0875
5 0.0125 0.209375 0.025 0.06875
5 0.028125 0.1671875 0.05 0.05625
5 0.05625 0.1484375 0.05625 0.0390625
5 0.078125 0.1234375 0.0515625 0.0421875
5 0.096875 0.10625 0.046875 0.0375
5 0.00078125 0.10546875 0.0015625 0.0546875