5 0.3578125 0.93515625 0.1125 0.1234375
5 0.50390625 0.8109375 0.09375 0.2046875
5 0.30859375 0.725 0.084375 0.15625
5 0.7125 0.86171875 0.1234375 0.2546875
5 0.83203125 0.72265625 0.075 0.2046875
5 0.64375 0.59140625 0.0859375 0.0890625
5 0.446875 0.59140625 0.0984375 0.1671875
5 0.2890625 0.50390625 0.0890625 0.153125
5 0.26640625 0.37109375 0.059375 0.10625
5 0.253125 0.24921875 0.0625 0.103125
5 0.24921875 0.16875 0.0578125 0.0734375
5 0.24453125 0.1109375 0.0578125 0.059375
5 0.2359375 0.05 0.040625 0.059375
5 0.31875 0.0390625 0.0625 0.0640625
5 0.33671875 0.1046875 0.053125 0.0625
5 0.35234375 0.18203125 0.065625 0.075
5 0.40625 0.415625 0.0953125 0.109375
5 0.59765625 0.465625 0.065625 0.096875
5 0.753125 0.5140625 0.065625 0.10625
5 0.84296875 0.4421875 0.0640625 0.125
5 0.68828125 0.384375 0.071875 0.1109375
5 0.5390625 0.32734375 0.0796875 0.1203125
5 0.42578125 0.028125 0.059375 0.0546875
5 0.44453125 0.08203125 0.059375 0.0796875
5 0.6171875 0.25078125 0.084375 0.0953125
5 0.57578125 0.171875 0.0671875 0.0828125
5 0.54140625 0.10234375 0.0546875 0.06875
5 0.5109375 0.0453125 0.0546875 0.053125
5 0.65859375 0.1109375 0.0625 0.075
5 0.70703125 0.18984375 0.0625 0.0953125
5 0.80390625 0.18515625 0.0734375 0.0734375
5 0.74453125 0.10625 0.053125 0.0734375
5 0.846875 0.1359375 0.04375 0.0796875
5 0.80234375 0.08203125 0.0625 0.05625
5 0.6953125 0.0578125 0.05 0.053125
5 0.75390625 0.2828125 0.0546875 0.1234375
5 0.48984375 0.0140625 0.040625 0.028125
5 0.99375 0.85625 0.0125 0.253125
5 0.92578125 0.72109375 0.075 0.2046875
5 0.00234375 0.50703125 0.0046875 0.1515625
5 0.00390625 0.37421875 0.0078125 0.1046875
5 0.00859375 0.25234375 0.0171875 0.1015625
5 0.009375 0.171875 0.01875 0.071875
5 0.01015625 0.11328125 0.0203125 0.0578125
5 0.00859375 0.053125 0.0171875 0.059375
5 0.98125 0.50859375 0.0375 0.1046875
5 0.90546875 0.44140625 0.0640625 0.125
5 0.93515625 0.1828125 0.0734375 0.0734375
5 0.97890625 0.10234375 0.0296875 0.071875
5 0.890625 0.13515625 0.04375 0.0796875
5 0.93359375 0.0796875 0.0625 0.05625
5 0.97890625 0.27890625 0.0359375 0.121875