5 0.2765625 0.828125 0.1125 0.246875
5 0.490625 0.815625 0.0921875 0.225
5 0.68125 0.74375 0.078125 0.153125
5 0.7140625 0.521875 0.084375 0.1609375
5 0.7359375 0.390625 0.05625 0.1015625
5 0.7453125 0.2609375 0.0484375 0.1078125
5 0.596875 0.403125 0.0890625 0.146875
5 0.559375 0.5640625 0.0859375 0.1421875
5 0.3578125 0.6109375 0.0875 0.125
5 0.24375 0.4953125 0.0578125 0.10625
5 0.159375 0.396875 0.06875 0.1546875
5 0.3171875 0.378125 0.0734375 0.1265625
5 0.40625 0.459375 0.071875 0.0890625
5 0.46875 0.31875 0.0734375 0.115625
5 0.6328125 0.2890625 0.075 0.1125
5 0.5046875 0.2421875 0.0671875 0.1015625
5 0.39375 0.24375 0.078125 0.1015625
5 0.2390625 0.2703125 0.0828125 0.14375
5 0.1546875 0.2640625 0.0609375 0.0875
5 0.21875 0.1609375 0.0578125 0.0765625
5 0.3046875 0.1796875 0.0578125 0.1109375
5 0.3546875 0.10625 0.0640625 0.0859375
5 0.4359375 0.16875 0.0625 0.0828125
5 0.2703125 0.0875 0.05625 0.0671875
5 0.2125 0.0625 0.0625 0.0578125
5 0.1625 0.6984375 0.0734375 0.203125
5 0.5390625 0.1578125 0.0640625 0.1046875
5 0.321875 0.0484375 0.04375 0.046875
5 0.5703125 0.0890625 0.0609375 0.08125
5 0.659375 0.1953125 0.0640625 0.084375
5 0.6796875 0.1234375 0.05625 0.0578125
5 0.6984375 0.0546875 0.0609375 0.0640625
5 0.778125 0.06875 0.0390625 0.053125
5 0.7703125 0.13125 0.053125 0.0640625
5 0.75625 0.1828125 0.0421875 0.0640625
5 0.6078125 0.9453125 0.0640625 0.109375
5 0.5875 0.0375 0.046875 0.0640625
5 0.6109375 0.01875 0.04375 0.0375
5 0.01484375 0.828125 0.0296875 0.246875
5 0.996875 0.52109375 0.00625 0.1609375
5 0.99296875 0.38984375 0.0140625 0.1015625
5 0.98984375 0.26015625 0.0203125 0.1078125
5 0.0171875 0.4953125 0.034375 0.10625
5 0.090625 0.396875 0.06875 0.1546875
5 0.02578125 0.2703125 0.0515625 0.14375
5 0.0953125 0.2640625 0.0609375 0.0875
5 0.03125 0.1609375 0.0578125 0.0765625
5 0.00390625 0.08671875 0.0078125 0.0671875
5 0.0375 0.0625 0.0625 0.0578125
5 0.0875 0.6984375 0.0734375 0.203125
5 0.971875 0.06875 0.0390625 0.053125
5 0.9765625 0.13046875 0.046875 0.0640625
5 0.9859375 0.18203125 0.028125 0.0640625