5 0.35 0.9328125 0.1109375 0.121875
5 0.4984375 0.8109375 0.090625 0.203125
5 0.3046875 0.721875 0.08125 0.1546875
5 0.70625 0.865625 0.11875 0.253125
5 0.828125 0.728125 0.071875 0.203125
5 0.6421875 0.59375 0.084375 0.0875
5 0.4453125 0.590625 0.0953125 0.165625
5 0.2890625 0.5 0.0859375 0.1515625
5 0.26875 0.3671875 0.0578125 0.1046875
5 0.2578125 0.2453125 0.0609375 0.1015625
5 0.2546875 0.1640625 0.05625 0.071875
5 0.2515625 0.10625 0.05625 0.0578125
5 0.24375 0.0453125 0.0390625 0.059375
5 0.3265625 0.0359375 0.0609375 0.0625
5 0.34375 0.1015625 0.0515625 0.0609375
5 0.3578125 0.1796875 0.0640625 0.0734375
5 0.4078125 0.4140625 0.09375 0.1078125
5 0.5984375 0.4671875 0.0640625 0.0953125
5 0.753125 0.51875 0.0640625 0.1046875
5 0.84375 0.4484375 0.0625 0.1234375
5 0.690625 0.3875 0.0703125 0.109375
5 0.5421875 0.328125 0.078125 0.11875
5 0.434375 0.0265625 0.0578125 0.053125
5 0.4515625 0.08125 0.0578125 0.078125
5 0.621875 0.253125 0.0828125 0.09375
5 0.58125 0.1734375 0.065625 0.08125
5 0.5484375 0.103125 0.053125 0.0671875
5 0.51875 0.0453125 0.053125 0.0515625
5 0.665625 0.1140625 0.0609375 0.0734375
5 0.7125 0.19375 0.0609375 0.09375
5 0.809375 0.190625 0.071875 0.071875
5 0.7515625 0.1109375 0.0515625 0.071875
5 0.853125 0.1421875 0.0421875 0.0796875
5 0.809375 0.0875 0.0609375 0.0546875
5 0.703125 0.0609375 0.0484375 0.0515625
5 0.7578125 0.2875 0.053125 0.121875
5 0.4984375 0.0140625 0.040625 0.028125
5 0.9921875 0.865625 0.015625 0.253125
5 0.921875 0.728125 0.071875 0.203125
5 0.0015625 0.49921875 0.003125 0.1515625
5 0.0046875 0.36640625 0.009375 0.1046875
5 0.0109375 0.24453125 0.021875 0.1015625
5 0.01171875 0.1640625 0.0234375 0.071875
5 0.01328125 0.10546875 0.0265625 0.0578125
5 0.0125 0.0453125 0.025 0.059375
5 0.98203125 0.51796875 0.0359375 0.1046875
5 0.90625 0.4484375 0.0625 0.1234375
5 0.940625 0.190625 0.071875 0.071875
5 0.9859375 0.1109375 0.028125 0.071875
5 0.896875 0.1421875 0.0421875 0.0796875
5 0.940625 0.0875 0.0609375 0.0546875
5 0.9828125 0.2875 0.034375 0.121875