5 0.1734375 0.053125 0.0421875 0.06875
5 0.24375 0.0203125 0.0484375 0.040625
5 0.234375 0.1078125 0.053125 0.084375
5 0.2234375 0.234375 0.053125 0.084375
5 0.315625 0.30625 0.0578125 0.1234375
5 0.31875 0.175 0.071875 0.1171875
5 0.315625 0.06875 0.0609375 0.0921875
5 0.415625 0.06875 0.0578125 0.1015625
5 0.4234375 0.2046875 0.0625 0.0984375
5 0.440625 0.3828125 0.0703125 0.1375
5 0.15625 0.1625 0.0375 0.0765625
5 0.140625 0.2703125 0.03125 0.0875
5 0.2171875 0.353125 0.0625 0.0828125
5 0.1859375 0.528125 0.0671875 0.1140625
5 0.315625 0.4859375 0.078125 0.1234375
5 0.4640625 0.61875 0.1078125 0.1625
5 0.31875 0.7421875 0.0921875 0.175
5 0.175 0.778125 0.0875 0.1640625
5 0.49765625 0.89296875 0.1078125 0.2140625
5 0.8140625 0.946875 0.1234375 0.10625
5 0.725 0.64375 0.1375 0.25
5 0.6546875 0.3859375 0.084375 0.1625
5 0.6125 0.1828125 0.0765625 0.1609375
5 0.5671875 0.0515625 0.0515625 0.1015625
5 0.7125 0.075 0.0953125 0.1359375
5 0.78125 0.26875 0.10625 0.1765625
5 0.85 0.490625 0.0484375 0.2140625
5 0.0765625 0.053125 0.0421875 0.06875
5 0.01484375 0.0203125 0.0296875 0.040625
5 0.02109375 0.1078125 0.0421875 0.084375
5 0.0265625 0.234375 0.053125 0.084375
5 0.09375 0.1625 0.0375 0.0765625
5 0.109375 0.2703125 0.03125 0.0875
5 0.0328125 0.353125 0.0625 0.0828125
5 0.0640625 0.528125 0.0671875 0.1140625
5 0.075 0.778125 0.0875 0.1640625
5 0.9359375 0.946875 0.1234375 0.10625
5 0.978125 0.64375 0.04375 0.25
5 0.99453125 0.07421875 0.0109375 0.1359375
5 0.9578125 0.26796875 0.084375 0.1765625
5 0.9 0.490625 0.0484375 0.2140625