5 0.1359375 0.08359375 0.0484375 0.071875
5 0.203125 0.04453125 0.0515625 0.0453125
5 0.2015625 0.1328125 0.0609375 0.0890625
5 0.2015625 0.259375 0.0609375 0.0890625
5 0.29921875 0.3234375 0.06875 0.128125
5 0.29140625 0.1921875 0.08125 0.1234375
5 0.27890625 0.08671875 0.06875 0.096875
5 0.378125 0.078125 0.0671875 0.10625
5 0.39765625 0.2125 0.0703125 0.103125
5 0.43046875 0.38828125 0.08125 0.14375
5 0.128125 0.19375 0.04375 0.0796875
5 0.121875 0.30234375 0.0390625 0.090625
5 0.20546875 0.378125 0.06875 0.0875
5 0.18984375 0.55546875 0.0765625 0.11875
5 0.31484375 0.50234375 0.0890625 0.1296875
5 0.47421875 0.62109375 0.121875 0.171875
5 0.340625 0.75703125 0.1078125 0.1828125
5 0.20078125 0.80546875 0.1015625 0.1703125
5 0.53203125 0.88984375 0.1265625 0.2203125
5 0.8515625 0.91796875 0.1328125 0.1171875
5 0.73671875 0.6234375 0.159375 0.2609375
5 0.64453125 0.37265625 0.0984375 0.16875
5 0.584375 0.17421875 0.090625 0.1671875
5 0.52734375 0.05 0.0609375 0.1
5 0.675 0.06484375 0.10625 0.1296875
5 0.76015625 0.2453125 0.121875 0.184375
5 0.84765625 0.46015625 0.0671875 0.2171875
5 0.0390625 0.09140625 0.0484375 0.071875
5 0.00703125 0.15 0.0140625 0.0875
5 0.01796875 0.27578125 0.0359375 0.0890625
5 0.065625 0.19921875 0.04375 0.0796875
5 0.090625 0.30546875 0.0390625 0.090625
5 0.028125 0.39375 0.05625 0.0875
5 0.06796875 0.565625 0.0765625 0.11875
5 0.10078125 0.8140625 0.1015625 0.1703125
5 0.953125 0.90703125 0.09375 0.1171875
5 0.978125 0.6015625 0.04375 0.253125
5 0.95546875 0.05 0.0234375 0.1
5 0.9359375 0.22890625 0.1 0.1828125
5 0.89765625 0.45546875 0.0671875 0.2171875