5 0.50390625 0.89296875 0.1703125 0.2140625
5 0.7875 0.91796875 0.0875 0.1640625
5 0.68359375 0.6671875 0.1125 0.2796875
5 0.44140625 0.61328125 0.0921875 0.1765625
5 0.1546875 0.75703125 0.0859375 0.2109375
5 0.1609375 0.44609375 0.0734375 0.153125
5 0.17890625 0.25546875 0.0625 0.140625
5 0.3953125 0.35859375 0.103125 0.203125
5 0.60625 0.37734375 0.125 0.1984375
5 0.8359375 0.37421875 0.0921875 0.15625
5 0.77265625 0.2078125 0.0703125 0.1234375
5 0.69921875 0.06953125 0.0546875 0.0875
5 0.528125 0.19296875 0.109375 0.1734375
5 0.48359375 0.05703125 0.0859375 0.1140625
5 0.34296875 0.06796875 0.075 0.1359375
5 0.36640625 0.2109375 0.06875 0.125
5 0.93125 0.92109375 0.0875 0.1578125
5 0.0765625 0.75390625 0.0859375 0.2109375
5 0.0921875 0.44375 0.0734375 0.153125
5 0.08828125 0.25234375 0.0625 0.140625
5 0.9234375 0.37734375 0.0921875 0.15625
5 0.98125 0.21484375 0.0375 0.1234375