5 0.2265625 0.8734375 0.0984375 0.253125
5 0.6296875 0.8796875 0.1359375 0.2359375
5 0.4796875 0.6234375 0.1015625 0.178125
5 0.16875 0.6234375 0.06875 0.178125
5 0.1390625 0.4390625 0.0296875 0.1203125
5 0.7109375 0.5359375 0.10625 0.20625
5 0.8640625 0.7578125 0.0234375 0.1671875
5 0.55625 0.3609375 0.1078125 0.23125
5 0.3609375 0.4125 0.0859375 0.19375
5 0.284375 0.2875 0.0515625 0.1265625
5 0.23125 0.1640625 0.0609375 0.1328125
5 0.1859375 0.09375 0.0578125 0.0703125
5 0.440625 0.2015625 0.0890625 0.1671875
5 0.359375 0.0890625 0.0828125 0.13125
5 0.5390625 0.0375 0.096875 0.075
5 0.6640625 0.1046875 0.06875 0.1359375
5 0.78125 0.2296875 0.1046875 0.153125
5 0.03671875 0.8734375 0.0734375 0.253125
5 0.08125 0.6234375 0.06875 0.178125
5 0.1109375 0.4390625 0.0296875 0.1203125
5 0.99296875 0.5359375 0.0140625 0.20625
5 0.8859375 0.7578125 0.0234375 0.1671875
5 0.025 0.16328125 0.05 0.1328125
5 0.0640625 0.09375 0.0578125 0.0703125
5 0.95859375 0.2296875 0.0828125 0.153125