5 0.57265625 0.92421875 0.1234375 0.1515625
5 0.38046875 0.8921875 0.1375 0.2109375
5 0.23671875 0.88125 0.121875 0.2171875
5 0.75390625 0.54765625 0.1328125 0.2
5 0.60234375 0.51484375 0.0734375 0.1859375
5 0.4421875 0.503125 0.103125 0.2171875
5 0.334375 0.48828125 0.096875 0.19375
5 0.23046875 0.484375 0.103125 0.2078125
5 0.1578125 0.46484375 0.0703125 0.190625
5 0.753125 0.23515625 0.0921875 0.1515625
5 0.61015625 0.22578125 0.1203125 0.16875
5 0.453125 0.25625 0.096875 0.165625
5 0.35 0.259375 0.084375 0.1359375
5 0.26015625 0.2703125 0.0765625 0.15
5 0.1890625 0.27734375 0.06875 0.1234375
5 0.1484375 0.2796875 0.0296875 0.1046875
5 0.2296875 0.10390625 0.0640625 0.103125
5 0.17109375 0.11328125 0.05625 0.090625
5 0.37890625 0.06953125 0.075 0.1078125
5 0.478125 0.0515625 0.0875 0.103125
5 0.7453125 0.0328125 0.0859375 0.04375
5 0.59921875 0.0421875 0.109375 0.0796875
5 0.0171875 0.86875 0.034375 0.2125
5 0.9625 0.5578125 0.075 0.196875
5 0.03671875 0.4734375 0.0734375 0.20625
5 0.0953125 0.46171875 0.0703125 0.190625
5 0.9890625 0.24765625 0.021875 0.1484375
5 0.0296875 0.2578125 0.04375 0.1484375
5 0.08359375 0.271875 0.06875 0.1234375
5 0.1234375 0.278125 0.0296875 0.1046875
5 0.0609375 0.0953125 0.0640625 0.103125
5 0.11796875 0.1109375 0.05625 0.090625