5 0.18359375 0.74453125 0.1125 0.21875
5 0.3 0.86171875 0.1390625 0.2546875
5 0.4765625 0.9296875 0.134375 0.140625
5 0.73515625 0.63984375 0.125 0.15625
5 0.596875 0.5671875 0.090625 0.175
5 0.44921875 0.47265625 0.1015625 0.2
5 0.34609375 0.37578125 0.090625 0.071875
5 0.25546875 0.38515625 0.1203125 0.178125
5 0.1734375 0.33984375 0.0859375 0.175
5 0.79453125 0.34140625 0.0859375 0.140625
5 0.64765625 0.28203125 0.11875 0.153125
5 0.5046875 0.2453125 0.109375 0.1453125
5 0.40546875 0.2078125 0.096875 0.115625
5 0.31640625 0.190625 0.0890625 0.1328125
5 0.2453125 0.159375 0.0859375 0.09375
5 0.1875 0.14140625 0.059375 0.1
5 0.81953125 0.10234375 0.0984375 0.125
5 0.68984375 0.075 0.109375 0.1046875
5 0.56875 0.0515625 0.0875 0.1
5 0.4671875 0.04453125 0.0796875 0.0875
5 0.07421875 0.746875 0.1125 0.21875
5 0.01796875 0.86640625 0.028125 0.253125
5 0.978125 0.63359375 0.04375 0.1546875
5 0.025 0.3890625 0.05 0.178125
5 0.0703125 0.3421875 0.0859375 0.175
5 0.95 0.3390625 0.0859375 0.140625
5 0.0171875 0.16171875 0.034375 0.0921875
5 0.05 0.14375 0.059375 0.1
5 0.91640625 0.10078125 0.0984375 0.125