5 0.8203125 0.7390625 0.109375 0.2171875
5 0.70625 0.8578125 0.134375 0.253125
5 0.53125 0.9296875 0.13125 0.140625
5 0.2671875 0.64375 0.121875 0.1546875
5 0.4046875 0.56875 0.0875 0.1734375
5 0.55 0.471875 0.0984375 0.1984375
5 0.6515625 0.3734375 0.0890625 0.0703125
5 0.7421875 0.38125 0.1171875 0.1765625
5 0.8234375 0.334375 0.0828125 0.1734375
5 0.203125 0.346875 0.0828125 0.1390625
5 0.3484375 0.284375 0.115625 0.1515625
5 0.490625 0.2453125 0.10625 0.14375
5 0.5890625 0.20625 0.0953125 0.1140625
5 0.678125 0.1875 0.0875 0.13125
5 0.7484375 0.1546875 0.084375 0.0921875
5 0.80625 0.1359375 0.0578125 0.0984375
5 0.1734375 0.1078125 0.096875 0.1234375
5 0.303125 0.078125 0.1078125 0.103125
5 0.4234375 0.053125 0.0859375 0.0984375
5 0.525 0.04375 0.078125 0.0859375
5 0.9296875 0.7390625 0.109375 0.2171875
5 0.98828125 0.8578125 0.0234375 0.253125
5 0.021875 0.64296875 0.04375 0.1546875
5 0.97421875 0.38046875 0.0515625 0.1765625
5 0.9265625 0.334375 0.0828125 0.1734375
5 0.046875 0.346875 0.0828125 0.1390625
5 0.9796875 0.15390625 0.040625 0.0921875
5 0.94375 0.1359375 0.0578125 0.0984375
5 0.0765625 0.1078125 0.096875 0.1234375