5 0.4046875 0.9234375 0.115625 0.1515625
5 0.59921875 0.89765625 0.1265625 0.2046875
5 0.74296875 0.89453125 0.1109375 0.2109375
5 0.24375 0.534375 0.1234375 0.19375
5 0.396875 0.509375 0.0640625 0.1828125
5 0.5578125 0.50625 0.0921875 0.2125
5 0.665625 0.496875 0.0875 0.1890625
5 0.7703125 0.4984375 0.0921875 0.203125
5 0.84375 0.4828125 0.0609375 0.1875
5 0.2609375 0.221875 0.084375 0.146875
5 0.4046875 0.2203125 0.1125 0.1625
5 0.559375 0.259375 0.0890625 0.1609375
5 0.6625 0.2671875 0.078125 0.13125
5 0.7515625 0.2828125 0.06875 0.146875
5 0.821875 0.29375 0.0625 0.1203125
5 0.8625 0.2984375 0.025 0.103125
5 0.790625 0.11875 0.059375 0.1
5 0.8484375 0.13125 0.0515625 0.0875
5 0.64375 0.0765625 0.0703125 0.1046875
5 0.5453125 0.0515625 0.0828125 0.1015625
5 0.2796875 0.0203125 0.084375 0.0390625
5 0.425 0.0375 0.10625 0.075
5 0.975 0.89453125 0.05 0.2109375
5 0.03359375 0.534375 0.0671875 0.19375
5 0.96640625 0.4984375 0.0671875 0.203125
5 0.90625 0.4828125 0.0609375 0.1875
5 0.015625 0.221875 0.03125 0.146875
5 0.98203125 0.2828125 0.0359375 0.146875
5 0.928125 0.29375 0.0625 0.1203125
5 0.8875 0.2984375 0.025 0.103125
5 0.959375 0.11875 0.059375 0.1
5 0.9015625 0.13125 0.0515625 0.0875
5 0.00625 0.01953125 0.0125 0.0390625