5 0.83125 0.7515625 0.0875 0.271875
5 0.6703125 0.8296875 0.171875 0.3390625
5 0.4140625 0.85625 0.18125 0.2875
5 0.1671875 0.884375 0.0859375 0.1921875
5 0.23125 0.3453125 0.1390625 0.2265625
5 0.40625 0.3109375 0.0828125 0.215625
5 0.6 0.303125 0.1296875 0.2671875
5 0.74375 0.30625 0.1078125 0.2203125
5 0.8421875 0.28125 0.065625 0.18125
5 0.596875 0.0515625 0.0875 0.103125
5 0.4078125 0.0359375 0.1203125 0.071875
5 0.73125 0.03125 0.0984375 0.0578125
5 0.8390625 0.05625 0.071875 0.1
5 0.91875 0.7515625 0.0875 0.271875
5 0.996875 0.82890625 0.00625 0.3390625
5 0.0828125 0.884375 0.0859375 0.1921875
5 0.04375 0.34453125 0.0875 0.2265625
5 0.97578125 0.30546875 0.0484375 0.2203125
5 0.9078125 0.28125 0.065625 0.18125
5 0.984375 0.03046875 0.03125 0.0578125
5 0.9109375 0.05625 0.071875 0.1