5 0.7703125 0.66796875 0.1578125 0.1546875
5 0.621875 0.86484375 0.18125 0.2703125
5 0.30703125 0.7484375 0.14375 0.2421875
5 0.42421875 0.51328125 0.1 0.2046875
5 0.3375 0.29453125 0.1203125 0.2
5 0.259375 0.08828125 0.121875 0.13125
5 0.1640625 0.21796875 0.0515625 0.184375
5 0.44140625 0.08359375 0.0734375 0.14375
5 0.175 0.9328125 0.0734375 0.0953125
5 0.9359375 0.67890625 0.1140625 0.1515625
5 0.0671875 0.07421875 0.084375 0.128125
5 0.1234375 0.215625 0.0515625 0.184375
5 0.025 0.92109375 0.05 0.0953125