5 0.459375 0.878125 0.165625 0.24375
5 0.2640625 0.76953125 0.1609375 0.14375
5 0.72421875 0.64375 0.13125 0.146875
5 0.5734375 0.49453125 0.0890625 0.190625
5 0.7796875 0.35546875 0.0984375 0.165625
5 0.6171875 0.22734375 0.11875 0.190625
5 0.47109375 0.08203125 0.0671875 0.121875
5 0.65078125 0.0296875 0.1234375 0.059375
5 0.778125 0.0453125 0.096875 0.090625
5 0.04609375 0.77578125 0.078125 0.1421875
5 0.98515625 0.6328125 0.0296875 0.14375
5 0.95546875 0.35 0.0859375 0.165625
5 0.9390625 0.04296875 0.09375 0.0859375