5 0.21875 0.6484375 0.1484375 0.1453125
5 0.353125 0.8578125 0.1640625 0.2625
5 0.675 0.7609375 0.128125 0.234375
5 0.575 0.51875 0.0859375 0.1984375
5 0.6765625 0.30625 0.1078125 0.1921875
5 0.76875 0.10625 0.1140625 0.1234375
5 0.8546875 0.2421875 0.0390625 0.1828125
5 0.5875 0.0890625 0.0640625 0.1390625
5 0.79375 0.9546875 0.0671875 0.090625
5 0.05234375 0.64765625 0.1046875 0.1453125
5 0.96171875 0.10546875 0.0765625 0.1234375
5 0.8953125 0.2421875 0.0390625 0.1828125
5 0.95625 0.9546875 0.0671875 0.090625