5 0.6109375 0.91171875 0.1375 0.1765625
5 0.83125 0.8953125 0.075 0.209375
5 0.70390625 0.71015625 0.128125 0.1734375
5 0.4265625 0.671875 0.084375 0.128125
5 0.521875 0.4953125 0.053125 0.1140625
5 0.35 0.51953125 0.1046875 0.1578125
5 0.2265625 0.678125 0.0828125 0.1453125
5 0.165625 0.48359375 0.084375 0.1953125
5 0.2765625 0.33515625 0.1 0.1625
5 0.45703125 0.34921875 0.0921875 0.128125
5 0.375 0.22890625 0.08125 0.1296875
5 0.27578125 0.19296875 0.0875 0.103125
5 0.19609375 0.27578125 0.0765625 0.125
5 0.453125 0.14765625 0.06875 0.1046875
5 0.35703125 0.10703125 0.0640625 0.0796875
5 0.23359375 0.10625 0.071875 0.0875
5 0.15546875 0.1796875 0.0515625 0.103125
5 0.33671875 0.8921875 0.1078125 0.2109375
5 0.4265625 0.05 0.053125 0.078125
5 0.3046875 0.0484375 0.0640625 0.0796875
5 0.20625 0.05078125 0.053125 0.06875
5 0.14609375 0.0921875 0.0296875 0.0609375
5 0.4828125 0.0171875 0.0625 0.034375
5 0.903125 0.89609375 0.075 0.2078125
5 0.9859375 0.71484375 0.0234375 0.171875
5 0.0296875 0.67421875 0.059375 0.1453125
5 0.084375 0.48203125 0.084375 0.1953125
5 0.015625 0.3296875 0.028125 0.1609375
5 0.0171875 0.1875 0.025 0.1015625
5 0.06171875 0.2734375 0.0765625 0.125
5 0.03671875 0.10234375 0.0609375 0.0875
5 0.10546875 0.17890625 0.0515625 0.103125
5 0.059375 0.0484375 0.053125 0.06875
5 0.11796875 0.09140625 0.0296875 0.0609375