5 0.7765625 0.871875 0.1265625 0.146875
5 0.7984375 0.6375 0.0875 0.15625
5 0.5375 0.940625 0.0921875 0.1171875
5 0.5609375 0.75 0.0734375 0.1046875
5 0.5921875 0.5546875 0.0671875 0.1
5 0.3890625 0.8640625 0.078125 0.1515625
5 0.44375 0.6625 0.08125 0.1453125
5 0.4921875 0.4734375 0.0828125 0.1171875
5 0.25625 0.75 0.0921875 0.2234375
5 0.33125 0.5515625 0.0796875 0.178125
5 0.3875 0.4125 0.05625 0.1171875
5 0.4265625 0.3046875 0.06875 0.0828125
5 0.1671875 0.725 0.05625 0.196875
5 0.234375 0.54375 0.0671875 0.13125
5 0.2859375 0.4328125 0.0734375 0.1015625
5 0.334375 0.3140625 0.053125 0.08125
5 0.3796875 0.2453125 0.05625 0.0765625
5 0.4125 0.171875 0.034375 0.08125
5 0.1625 0.49375 0.0703125 0.1265625
5 0.21875 0.378125 0.0578125 0.09375
5 0.271875 0.296875 0.0625 0.0765625
5 0.3546875 0.1453125 0.0390625 0.0515625
5 0.178125 0.3390625 0.0484375 0.0625
5 0.23125 0.253125 0.046875 0.059375
5 0.3125 0.1328125 0.040625 0.046875
5 0.3421875 0.0890625 0.0390625 0.0515625
5 0.390625 0.09375 0.03125 0.0546875
5 0.9546875 0.871875 0.090625 0.146875
5 0.9515625 0.6375 0.0875 0.15625
5 0.01953125 0.74921875 0.0390625 0.2234375
5 0.0828125 0.725 0.05625 0.196875
5 0.02421875 0.54375 0.0484375 0.13125
5 0.0875 0.49375 0.0703125 0.1265625
5 0.03125 0.378125 0.0578125 0.09375
5 0.0046875 0.29609375 0.009375 0.0765625
5 0.071875 0.3390625 0.0484375 0.0625
5 0.02109375 0.253125 0.0421875 0.059375