5 0.1765625 0.7671875 0.1046875 0.196875
5 0.3765625 0.95 0.053125 0.08125
5 0.50625 0.90625 0.0890625 0.178125
5 0.6859375 0.975 0.0765625 0.0484375
5 0.6296875 0.8203125 0.0875 0.1859375
5 0.74375 0.85625 0.065625 0.11875
5 0.81875 0.7828125 0.05 0.1
5 0.6765625 0.6703125 0.0359375 0.0578125
5 0.778125 0.6484375 0.0578125 0.1015625
5 0.834375 0.6203125 0.0484375 0.08125
5 0.5953125 0.646875 0.0578125 0.125
5 0.4765625 0.684375 0.0703125 0.1390625
5 0.3546875 0.740625 0.0921875 0.1328125
5 0.2078125 0.59375 0.09375 0.121875
5 0.34375 0.6015625 0.053125 0.1015625
5 0.4609375 0.5515625 0.0625 0.096875
5 0.5640625 0.5234375 0.0671875 0.0890625
5 0.6609375 0.55625 0.0484375 0.08125
5 0.734375 0.5515625 0.0578125 0.096875
5 0.78125 0.5171875 0.046875 0.0609375
5 0.6265625 0.46875 0.0484375 0.0859375
5 0.6875 0.453125 0.0390625 0.0515625
5 0.74375 0.43125 0.0328125 0.0546875
5 0.78125 0.3953125 0.03125 0.0421875
5 0.7109375 0.3703125 0.0390625 0.04375
5 0.6625 0.375 0.0375 0.05
5 0.596875 0.3921875 0.046875 0.06875
5 0.5765625 0.3296875 0.0421875 0.059375
5 0.6375 0.3109375 0.03125 0.0609375
5 0.6828125 0.3171875 0.0359375 0.053125
5 0.6609375 0.2640625 0.0234375 0.0421875
5 0.6140625 0.2515625 0.0328125 0.0515625
5 0.5265625 0.3546875 0.0359375 0.06875
5 0.590625 0.209375 0.028125 0.04375
5 0.6390625 0.2234375 0.0265625 0.0390625
5 0.621875 0.184375 0.0203125 0.0390625
5 0.0734375 0.7671875 0.1046875 0.196875
5 0.98671875 0.85625 0.0265625 0.11875
5 0.93125 0.7828125 0.05 0.1
5 0.97109375 0.64765625 0.0578125 0.1015625
5 0.915625 0.6203125 0.0484375 0.08125
5 0.04453125 0.59375 0.0890625 0.121875
5 0.99296875 0.5515625 0.0140625 0.096875
5 0.96875 0.5171875 0.046875 0.0609375
5 0.99453125 0.43046875 0.0109375 0.0546875
5 0.96875 0.3953125 0.03125 0.0421875