5 0.2109375 0.915625 0.121875 0.16875
5 0.3890625 0.9140625 0.13125 0.171875
5 0.5734375 0.925 0.11875 0.1484375
5 0.7375 0.92421875 0.115625 0.1515625
5 0.8484375 0.9203125 0.0546875 0.159375
5 0.1578125 0.696875 0.0640625 0.2109375
5 0.29375 0.7078125 0.109375 0.2296875
5 0.4625 0.71875 0.128125 0.24375
5 0.63125 0.7234375 0.128125 0.2671875
5 0.8078125 0.71875 0.1359375 0.234375
5 0.84375 0.4625 0.0609375 0.2375
5 0.7203125 0.459375 0.1328125 0.2625
5 0.5453125 0.45625 0.109375 0.2390625
5 0.38125 0.4484375 0.109375 0.246875
5 0.228125 0.440625 0.10625 0.2265625
5 0.16875 0.221875 0.0875 0.1828125
5 0.303125 0.21875 0.1265625 0.234375
5 0.4640625 0.23125 0.10625 0.20625
5 0.615625 0.21875 0.0984375 0.2234375
5 0.7875 0.2203125 0.115625 0.221875
5 0.8375 0.0515625 0.0703125 0.103125
5 0.7109375 0.0578125 0.1390625 0.1140625
5 0.5453125 0.0453125 0.0859375 0.090625
5 0.3984375 0.0515625 0.0984375 0.103125
5 0.2484375 0.0515625 0.1265625 0.1015625
5 0.05 0.915625 0.1 0.16875
5 0.97734375 0.92421875 0.0453125 0.1515625
5 0.9015625 0.9203125 0.0546875 0.159375
5 0.0921875 0.696875 0.0640625 0.2109375
5 0.00546875 0.70703125 0.0109375 0.2296875
5 0.93671875 0.71875 0.1265625 0.234375
5 0.90625 0.4625 0.0609375 0.2375
5 0.98125 0.459375 0.0375 0.2625
5 0.0375 0.43984375 0.075 0.2265625
5 0.08125 0.221875 0.0875 0.1828125
5 0.0046875 0.21875 0.009375 0.234375
5 0.95234375 0.2203125 0.0953125 0.221875
5 0.9125 0.0515625 0.0703125 0.103125
5 0.984375 0.05703125 0.03125 0.1140625
5 0.03203125 0.05078125 0.0640625 0.1015625