1 0.5515625 0.57265625 0.1328125 0.1015625
1 0.64375 0.69140625 0.05 0.0609375
1 0.54375 0.78671875 0.053125 0.0578125
1 0.79453125 0.62578125 0.065625 0.0734375
1 0.453125 0.67109375 0.1421875 0.1265625
1 0.67109375 0.434375 0.0421875 0.0515625
1 0.2953125 0.68515625 0.05 0.078125
1 0.5109375 0.3921875 0.0578125 0.096875
1 0.4078125 0.1421875 0.240625 0.284375
1 0.2171875 0.2125 0.184375 0.24375
1 0.1640625 0.5140625 0.05 0.0734375
1 0.23671875 0.5359375 0.025 0.0640625
1 0.2796875 0.59765625 0.0453125 0.0515625
1 0.1703125 0.68359375 0.0375 0.0515625
1 0.96328125 0.6234375 0.065625 0.0734375
1 0.05703125 0.21484375 0.1140625 0.2421875
1 0.084375 0.51484375 0.05 0.0734375
1 0.01328125 0.53984375 0.025 0.0640625
1 0.0859375 0.68515625 0.0375 0.0515625