1 0.45 0.5734375 0.13125 0.1
1 0.359375 0.69375 0.0484375 0.059375
1 0.4609375 0.7875 0.0515625 0.05625
1 0.2078125 0.63125 0.0640625 0.071875
1 0.55 0.6703125 0.140625 0.1234375
1 0.328125 0.4375 0.040625 0.0515625
1 0.7078125 0.68125 0.0484375 0.0765625
1 0.4875 0.3921875 0.05625 0.0953125
1 0.5859375 0.140625 0.2359375 0.2796875
1 0.778125 0.2078125 0.1796875 0.240625
1 0.8359375 0.5078125 0.0484375 0.071875
1 0.7640625 0.53125 0.0234375 0.0640625
1 0.721875 0.59375 0.04375 0.0515625
1 0.8328125 0.678125 0.0359375 0.0515625
1 0.0390625 0.63125 0.0640625 0.071875
1 0.94140625 0.2078125 0.1171875 0.240625
1 0.915625 0.5078125 0.0484375 0.071875
1 0.9875 0.53125 0.0234375 0.0640625
1 0.9171875 0.678125 0.0359375 0.0515625