5 0.5515625 0.8125 0.090625 0.2265625
5 0.5140625 0.5921875 0.09375 0.221875
5 0.36875 0.578125 0.103125 0.2140625
5 0.478125 0.0890625 0.128125 0.1609375
5 0.2 0.8515625 0.1484375 0.2125
5 0.34140625 0.0359375 0.0828125 0.071875
5 0.25 0.0390625 0.0828125 0.078125
5 0.334375 0.1625 0.0984375 0.1328125
5 0.2390625 0.471875 0.1171875 0.11875
5 0.2515625 0.1953125 0.0703125 0.1
5 0.06171875 0.8515625 0.1234375 0.2125
5 0.0203125 0.0390625 0.040625 0.078125
5 0.034375 0.471875 0.06875 0.11875
5 0.01640625 0.1953125 0.0328125 0.1