5 0.371875 0.76796875 0.1171875 0.23125
5 0.60546875 0.63828125 0.1265625 0.2375
5 0.68671875 0.9265625 0.1515625 0.1359375
5 0.721875 0.25390625 0.1015625 0.13125
5 0.74921875 0.11484375 0.0765625 0.1
5 0.83046875 0.14453125 0.0609375 0.115625
5 0.753125 0.58828125 0.1015625 0.1421875
5 0.81328125 0.35546875 0.090625 0.1390625
5 0.97109375 0.23984375 0.0375 0.128125
5 0.95234375 0.10390625 0.059375 0.1
5 0.88359375 0.1421875 0.0609375 0.115625
5 0.97734375 0.57578125 0.0453125 0.1390625
5 0.92265625 0.34921875 0.090625 0.1390625