5 0.55234375 0.79453125 0.0953125 0.2265625
5 0.50390625 0.5703125 0.0796875 0.1828125
5 0.2765625 0.05078125 0.06875 0.1015625
5 0.2046875 0.915625 0.14375 0.153125
5 0.353125 0.625 0.090625 0.25
5 0.175 0.06171875 0.078125 0.1234375
5 0.2765625 0.1921875 0.1046875 0.1046875
5 0.2015625 0.54609375 0.134375 0.165625
5 0.0265625 0.04609375 0.025 0.0921875
5 0.04453125 0.91015625 0.0890625 0.1515625
5 0.1046875 0.06015625 0.078125 0.1203125
5 0.02890625 0.1828125 0.0390625 0.103125
5 0.05625 0.53984375 0.1125 0.1640625