5 0.4375 0.7921875 0.0875 0.2234375
5 0.49375 0.5703125 0.0734375 0.1796875
5 0.7390625 0.0546875 0.065625 0.109375
5 0.78046875 0.92578125 0.1390625 0.1484375
5 0.6421875 0.6296875 0.0828125 0.246875
5 0.8390625 0.0703125 0.0734375 0.1265625
5 0.734375 0.2 0.1015625 0.1015625
5 0.796875 0.55625 0.128125 0.1609375
5 0.9890625 0.0546875 0.021875 0.109375
5 0.94921875 0.92578125 0.1015625 0.1484375
5 0.9109375 0.0703125 0.0734375 0.1265625
5 0.98203125 0.19921875 0.0359375 0.1015625
5 0.94453125 0.55546875 0.1109375 0.1609375