5 0.40625 0.8625 0.1125 0.2484375
5 0.4140625 0.596875 0.0921875 0.253125
5 0.25625 0.421875 0.1390625 0.1703125
5 0.2796875 0.2421875 0.0890625 0.134375
5 0.4046875 0.2953125 0.09375 0.084375
5 0.5359375 0.3 0.0953125 0.1390625
5 0.51875 0.1859375 0.0890625 0.096875
5 0.509375 0.096875 0.059375 0.1109375
5 0.4046875 0.096875 0.0609375 0.0625
5 0.309375 0.0359375 0.0765625 0.071875
5 0.3984375 0.0390625 0.078125 0.078125
5 0.5078125 0.0265625 0.084375 0.053125
5 0.03125 0.42109375 0.0625 0.1703125
5 0.00703125 0.2421875 0.0140625 0.134375