5 0.57109375 0.8640625 0.1328125 0.271875
5 0.57890625 0.60703125 0.1328125 0.240625
5 0.73671875 0.43515625 0.1296875 0.190625
5 0.60703125 0.27109375 0.1109375 0.165625
5 0.4796875 0.2953125 0.1 0.1671875
5 0.496875 0.19140625 0.078125 0.1171875
5 0.5078125 0.09765625 0.0703125 0.13125
5 0.6265625 0.053125 0.0890625 0.0953125
5 0.5296875 0.028125 0.071875 0.05625
5 0.71953125 0.05 0.08125 0.075
5 0.80859375 0.0375 0.059375 0.0390625
5 0.97890625 0.45078125 0.0421875 0.1859375
5 0.9875 0.0515625 0.025 0.0375