5 0.43203125 0.86796875 0.1296875 0.25625
5 0.42109375 0.60234375 0.109375 0.259375
5 0.2515625 0.4390625 0.15 0.1796875
5 0.2625 0.2578125 0.0984375 0.140625
5 0.390625 0.30234375 0.1 0.090625
5 0.521875 0.29765625 0.1046875 0.1453125
5 0.496875 0.18515625 0.0953125 0.103125
5 0.48125 0.096875 0.0671875 0.1140625
5 0.3765625 0.1046875 0.065625 0.0671875
5 0.27734375 0.05 0.08125 0.0765625
5 0.36640625 0.04765625 0.0828125 0.0828125
5 0.475 0.028125 0.0875 0.05625
5 0.03203125 0.453125 0.0640625 0.175