5 0.6328125 0.69375 0.1375 0.1984375
5 0.8171875 0.484375 0.1140625 0.246875
5 0.825 0.2890625 0.1 0.153125
5 0.5171875 0.3078125 0.084375 0.1796875
5 0.671875 0.275 0.09375 0.2203125
5 0.5578125 0.1828125 0.0703125 0.1328125
5 0.5625 0.065625 0.0625 0.13125
5 0.6875 0.121875 0.078125 0.1515625
5 0.6953125 0.040625 0.090625 0.0671875
5 0.81875 0.0515625 0.0859375 0.0453125
5 0.615625 0.9640625 0.096875 0.071875
5 0.9328125 0.484375 0.1140625 0.246875
5 0.925 0.2890625 0.1 0.153125
5 0.93125 0.0515625 0.0859375 0.0453125