5 0.39453125 0.95859375 0.1484375 0.0828125
5 0.2078125 0.79140625 0.125 0.2984375
5 0.19296875 0.54453125 0.1125 0.203125
5 0.53359375 0.53046875 0.103125 0.215625
5 0.35625 0.49609375 0.1125 0.234375
5 0.48515625 0.3734375 0.0859375 0.15
5 0.4625 0.24921875 0.078125 0.1296875
5 0.33125 0.3296875 0.0953125 0.153125
5 0.31328125 0.1890625 0.0890625 0.1453125
5 0.19296875 0.19765625 0.0921875 0.1453125
5 0.30390625 0.0875 0.084375 0.1
5 0.17578125 0.10703125 0.1 0.0765625
5 0.0578125 0.79375 0.1109375 0.2984375
5 0.05859375 0.546875 0.1125 0.203125
5 0.04609375 0.2 0.0921875 0.1453125
5 0.06015625 0.109375 0.1 0.0765625