5 0.70625 0.925 0.140625 0.1421875
5 0.83125 0.6578125 0.0875 0.2890625
5 0.8 0.4265625 0.1203125 0.19375
5 0.6390625 0.45625 0.1171875 0.234375
5 0.4765625 0.55 0.0875 0.2078125
5 0.4921875 0.378125 0.0890625 0.125
5 0.48125 0.23125 0.0671875 0.1484375
5 0.4828125 0.1125 0.071875 0.115625
5 0.4046875 0.0421875 0.0609375 0.084375
5 0.4859375 0.0296875 0.078125 0.059375
5 0.6109375 0.121875 0.0875 0.1125
5 0.6328125 0.278125 0.078125 0.1265625
5 0.5984375 0.0359375 0.078125 0.071875
5 0.7296875 0.0984375 0.0875 0.153125
5 0.8265625 0.0625 0.0546875 0.125
5 0.715625 0.0265625 0.0828125 0.053125
5 0.98671875 0.92421875 0.0265625 0.1421875
5 0.91875 0.6578125 0.0875 0.2890625
5 0.94453125 0.4265625 0.1109375 0.19375
5 0.98828125 0.0984375 0.0234375 0.153125
5 0.9234375 0.0625 0.0546875 0.125
5 0.99609375 0.0265625 0.0078125 0.053125