5 0.525 0.7375 0.121875 0.2421875
5 0.703125 0.590625 0.128125 0.1828125
5 0.6296875 0.346875 0.103125 0.1640625
5 0.8234375 0.44375 0.1015625 0.20625
5 0.690625 0.1203125 0.0921875 0.1640625
5 0.778125 0.0625 0.0765625 0.125
5 0.5015625 0.5234375 0.096875 0.16875
5 0.4609375 0.3640625 0.08125 0.1609375
5 0.4359375 0.2265625 0.071875 0.1328125
5 0.4078125 0.1 0.071875 0.1234375
5 0.578125 0.2359375 0.090625 0.1015625
5 0.6484375 0.0234375 0.0828125 0.046875
5 0.5296875 0.1 0.0625 0.146875
5 0.3234375 0.1546875 0.0734375 0.128125
5 0.99140625 0.58984375 0.0171875 0.1828125
5 0.9265625 0.44375 0.1015625 0.20625
5 0.96640625 0.0625 0.0671875 0.125