5 0.49375 0.7359375 0.13125 0.259375
5 0.50078125 0.53125 0.115625 0.1890625
5 0.52421875 0.36484375 0.109375 0.1765625
5 0.54375 0.225 0.0921875 0.1484375
5 0.5515625 0.1 0.0796875 0.14375
5 0.6484375 0.1546875 0.075 0.13125
5 0.315625 0.56640625 0.1640625 0.259375
5 0.17578125 0.4734375 0.125 0.2125
5 0.36171875 0.36953125 0.109375 0.1609375
5 0.18359375 0.08828125 0.0890625 0.13125
5 0.2796875 0.11484375 0.096875 0.1375
5 0.4296875 0.1078125 0.0859375 0.1671875
5 0.30859375 0.06328125 0.0875 0.103125
5 0.44453125 0.0296875 0.0765625 0.059375
5 0.01328125 0.59140625 0.0265625 0.2484375
5 0.0671875 0.4828125 0.125 0.2125
5 0.01875 0.1046875 0.0375 0.13125