5 0.5484375 0.8703125 0.1359375 0.259375
5 0.7375 0.7078125 0.153125 0.2765625
5 0.5296875 0.6328125 0.1015625 0.19375
5 0.6859375 0.4578125 0.1140625 0.19375
5 0.5015625 0.4515625 0.1078125 0.2015625
5 0.4796875 0.271875 0.090625 0.1515625
5 0.640625 0.2765625 0.103125 0.1609375
5 0.7671875 0.1984375 0.096875 0.1609375
5 0.8484375 0.1234375 0.0515625 0.15625
5 0.3671875 0.178125 0.06875 0.13125
5 0.4640625 0.1328125 0.0765625 0.1171875
5 0.6046875 0.153125 0.075 0.1359375
5 0.7328125 0.0890625 0.0875 0.1265625
5 0.3734375 0.0578125 0.08125 0.1109375
5 0.96796875 0.70703125 0.0640625 0.2765625
5 0.9671875 0.19765625 0.065625 0.1609375
5 0.9015625 0.1234375 0.0515625 0.15625
5 0.98671875 0.08828125 0.0265625 0.1265625