5 0.334375 0.809375 0.1890625 0.2671875
5 0.440625 0.58515625 0.11875 0.2390625
5 0.51328125 0.39453125 0.096875 0.171875
5 0.56796875 0.24765625 0.09375 0.175
5 0.2359375 0.45625 0.1375 0.228125
5 0.3359375 0.28046875 0.1265625 0.2203125
5 0.41484375 0.1703125 0.0921875 0.1984375
5 0.2296875 0.1109375 0.1171875 0.2046875
5 0.1625 0.68359375 0.071875 0.2890625
5 0.66328125 0.39453125 0.0734375 0.1421875
5 0.46484375 0.06484375 0.0890625 0.1296875
5 0.62265625 0.10625 0.0890625 0.1
5 0.01875 0.81953125 0.025 0.2609375
5 0.0390625 0.46171875 0.078125 0.2265625
5 0.025 0.1171875 0.05 0.203125
5 0.1 0.6859375 0.071875 0.2890625