5 0.309375 0.9296875 0.1484375 0.140625
5 0.2375 0.7125 0.134375 0.2140625
5 0.175 0.409375 0.1 0.0953125
5 0.4390625 0.7703125 0.1078125 0.18125
5 0.6578125 0.959375 0.1046875 0.08125
5 0.7546875 0.853125 0.1390625 0.246875
5 0.8171875 0.6671875 0.115625 0.2421875
5 0.540625 0.6390625 0.1140625 0.2140625
5 0.625 0.5265625 0.0984375 0.2203125
5 0.696875 0.425 0.078125 0.140625
5 0.3875 0.2828125 0.0828125 0.16875
5 0.4421875 0.3703125 0.0796875 0.053125
5 0.509375 0.31875 0.0796875 0.15625
5 0.578125 0.26875 0.0671875 0.146875
5 0.46875 0.2 0.0890625 0.16875
5 0.409375 0.078125 0.0734375 0.121875
5 0.4796875 0.0359375 0.0640625 0.0703125
5 0.00703125 0.9296875 0.0140625 0.140625
5 0.03984375 0.71171875 0.0796875 0.2140625
5 0.075 0.409375 0.1 0.0953125
5 0.9625 0.853125 0.075 0.246875
5 0.9328125 0.6671875 0.115625 0.2421875