5 0.71328125 0.91171875 0.1453125 0.1671875
5 0.7734375 0.665625 0.140625 0.2359375
5 0.80546875 0.434375 0.1375 0.2265625
5 0.38984375 0.96796875 0.0953125 0.0640625
5 0.278125 0.86875 0.125 0.2234375
5 0.19140625 0.7046875 0.125 0.2328125
5 0.14609375 0.5234375 0.046875 0.1234375
5 0.58046875 0.79140625 0.11875 0.2390625
5 0.47265625 0.65078125 0.1140625 0.228125
5 0.378125 0.54453125 0.0953125 0.215625
5 0.30078125 0.44453125 0.08125 0.146875
5 0.54765625 0.434375 0.103125 0.2046875
5 0.47578125 0.34921875 0.090625 0.2
5 0.4 0.2796875 0.071875 0.15
5 0.596875 0.2640625 0.0734375 0.1609375
5 0.5140625 0.18984375 0.0703125 0.165625
5 0.55234375 0.07109375 0.0765625 0.1203125
5 0.48125 0.04140625 0.08125 0.0828125
5 0.2328125 0.3328125 0.0875 0.184375
5 0.996875 0.9015625 0.00625 0.1625
5 0.959375 0.6578125 0.08125 0.234375
5 0.9359375 0.42890625 0.128125 0.2265625
5 0.034375 0.87734375 0.0515625 0.2203125
5 0.07265625 0.70859375 0.125 0.2328125
5 0.10546875 0.525 0.046875 0.1234375
5 0.02421875 0.33984375 0.0484375 0.1828125