5 0.3015625 0.91875 0.1390625 0.1625
5 0.2328125 0.675 0.1328125 0.23125
5 0.1921875 0.4453125 0.1296875 0.221875
5 0.6265625 0.9671875 0.09375 0.065625
5 0.734375 0.8609375 0.1171875 0.21875
5 0.815625 0.69375 0.1171875 0.228125
5 0.8546875 0.5109375 0.0421875 0.121875
5 0.4296875 0.79375 0.1109375 0.2359375
5 0.5328125 0.65 0.10625 0.225
5 0.6234375 0.540625 0.0875 0.2125
5 0.696875 0.4375 0.0765625 0.14375
5 0.45 0.4359375 0.096875 0.2015625
5 0.51875 0.3484375 0.084375 0.196875
5 0.5921875 0.2765625 0.0671875 0.1484375
5 0.3953125 0.2671875 0.0671875 0.159375
5 0.475 0.190625 0.0640625 0.1640625
5 0.4328125 0.0734375 0.071875 0.1171875
5 0.5015625 0.040625 0.078125 0.08125
5 0.7609375 0.3234375 0.08125 0.18125
5 0.00859375 0.91875 0.0171875 0.1625
5 0.04140625 0.675 0.0828125 0.23125
5 0.0609375 0.4453125 0.121875 0.221875
5 0.978125 0.8609375 0.04375 0.21875
5 0.934375 0.69375 0.1171875 0.228125
5 0.8953125 0.5109375 0.0421875 0.121875
5 0.97421875 0.3234375 0.0515625 0.18125