5 0.7953125 0.86796875 0.125 0.2484375
5 0.6015625 0.96875 0.1140625 0.0609375
5 0.4625 0.9 0.11875 0.2
5 0.696875 0.5171875 0.1109375 0.1984375
5 0.3609375 0.79140625 0.1234375 0.265625
5 0.2546875 0.690625 0.11875 0.2390625
5 0.16875 0.58515625 0.0890625 0.15
5 0.46171875 0.54453125 0.10625 0.1828125
5 0.38828125 0.4671875 0.0984375 0.165625
5 0.30703125 0.3796875 0.0921875 0.1625
5 0.22421875 0.29375 0.096875 0.146875
5 0.52109375 0.3640625 0.071875 0.1625
5 0.48359375 0.165625 0.06875 0.109375
5 0.6359375 0.05859375 0.0625 0.0734375
5 0.5703125 0.0453125 0.0625 0.0796875
5 0.54921875 0.11015625 0.0640625 0.0828125
5 0.41328125 0.0875 0.0796875 0.0953125
5 0.21796875 0.0828125 0.0796875 0.09375
5 0.8015625 0.24921875 0.053125 0.1
5 0.6640625 0.7625 0.1 0.2140625
5 0.9515625 0.86484375 0.096875 0.2484375
5 0.9984375 0.5109375 0.003125 0.196875
5 0.03046875 0.69453125 0.059375 0.2390625
5 0.084375 0.58671875 0.0890625 0.15
5 0.0328125 0.2953125 0.065625 0.146875
5 0.02890625 0.0859375 0.0578125 0.09375
5 0.9390625 0.246875 0.053125 0.1