5 0.36328125 0.89921875 0.1390625 0.2015625
5 0.225 0.8328125 0.1625 0.3234375
5 0.1796875 0.3125 0.0875 0.2625
5 0.4203125 0.465625 0.1109375 0.259375
5 0.553125 0.5359375 0.15 0.30625
5 0.715625 0.63125 0.1375 0.3
5 0.6078125 0.209375 0.1265625 0.2421875
5 0.5046875 0.1515625 0.1078125 0.246875
5 0.384375 0.0953125 0.096875 0.1890625
5 0.2828125 0.0734375 0.10625 0.146875
5 0.053125 0.83203125 0.10625 0.3234375
5 0.0703125 0.3125 0.0875 0.2625
5 0.9828125 0.63125 0.034375 0.3
5 0.01015625 0.0734375 0.0203125 0.146875