5 0.384375 0.90078125 0.15 0.1984375
5 0.24296875 0.840625 0.1796875 0.31875
5 0.1703125 0.3296875 0.1015625 0.2671875
5 0.41875 0.46953125 0.125 0.2640625
5 0.5546875 0.5328125 0.165625 0.3140625
5 0.721875 0.61953125 0.153125 0.30625
5 0.5921875 0.20390625 0.1390625 0.2484375
5 0.48671875 0.1515625 0.1203125 0.2515625
5 0.36328125 0.1015625 0.10625 0.19375
5 0.2609375 0.08515625 0.1140625 0.1515625
5 0.07109375 0.8453125 0.1234375 0.309375
5 0.0609375 0.33515625 0.1015625 0.2671875
5 0.98203125 0.60546875 0.0359375 0.3015625