4 0.265625 0.7828125 0.3171875 0.1296875
4 0.2640625 0.603125 0.3 0.171875
4 0.2890625 0.39375 0.115625 0.1421875
4 0.5609375 0.59375 0.1578125 0.075
4 0.440625 0.4515625 0.0796875 0.0515625
4 0.50625 0.2515625 0.1078125 0.1078125
4 0.290625 0.2609375 0.0890625 0.0890625
4 0.575 0.446875 0.0828125 0.0859375
4 0.6890625 0.340625 0.0671875 0.053125
4 0.8109375 0.4125 0.128125 0.053125
4 0.9421875 0.3921875 0.0953125 0.1
4 0.26484375 0.93515625 0.3171875 0.1296875
4 0.50546875 0.04140625 0.1078125 0.0828125
4 0.28984375 0.03203125 0.0890625 0.0640625