1 0.425 0.6078125 0.13125 0.128125
1 0.5078125 0.73125 0.128125 0.1359375
1 0.615625 0.184375 0.25625 0.328125
1 0.7953125 0.25625 0.14375 0.240625
1 0.4875 0.4078125 0.05625 0.0875
1 0.31875 0.434375 0.040625 0.04375
1 0.315625 0.728125 0.0796875 0.0640625
1 0.4046875 0.84375 0.059375 0.05625
1 0.721875 0.7125 0.0515625 0.1921875
1 0.8296875 0.584375 0.04375 0.0484375
1 0.16875 0.6296875 0.0765625 0.0765625
1 0.94140625 0.25625 0.1171875 0.240625
1 0.921875 0.584375 0.04375 0.0484375
1 0.078125 0.6296875 0.0765625 0.0765625