5 0.56328125 0.84453125 0.3140625 0.3109375
5 0.8 0.571875 0.1515625 0.4609375
5 0.7515625 0.3359375 0.2484375 0.4125
5 0.4828125 0.4828125 0.328125 0.4671875
5 0.1921875 0.628125 0.1359375 0.4953125
5 0.203125 0.3578125 0.15625 0.496875
5 0.2125 0.2359375 0.1734375 0.421875
5 0.4546875 0.2765625 0.2265625 0.3625
5 0.421875 0.1140625 0.1734375 0.228125
5 0.6953125 0.146875 0.140625 0.2734375
5 0.93671875 0.57109375 0.1265625 0.4609375
5 0.93671875 0.3359375 0.1265625 0.4125
5 0.0625 0.62734375 0.125 0.4953125
5 0.0625 0.3578125 0.125 0.496875
5 0.06171875 0.2359375 0.1234375 0.421875
5 0.9921875 0.14609375 0.015625 0.2734375