5 0.2421875 0.6375 0.234375 0.4265625
5 0.5 0.8078125 0.2859375 0.3828125
5 0.7484375 0.6765625 0.228125 0.3859375
5 0.6640625 0.371875 0.1609375 0.25
5 0.490625 0.4640625 0.18125 0.2734375
5 0.315625 0.3234375 0.18125 0.265625
5 0.4859375 0.2171875 0.1625 0.2421875
5 0.8140625 0.24375 0.121875 0.2109375
5 0.7953125 0.0890625 0.153125 0.178125
5 0.64375 0.1234375 0.1359375 0.246875
5 0.5078125 0.0828125 0.1375 0.165625
5 0.35625 0.1234375 0.1328125 0.1796875
5 0.196875 0.1875 0.1421875 0.2875
5 0.240625 0.04375 0.121875 0.0875
5 0.8421875 0.4796875 0.0640625 0.234375
5 0.159375 0.3984375 0.06875 0.2078125
5 0.375 0.0328125 0.1171875 0.0640625
5 0.0625 0.63671875 0.125 0.4265625
5 0.94375 0.67578125 0.1125 0.3859375
5 0.0125 0.3234375 0.025 0.265625
5 0.9359375 0.24375 0.121875 0.2109375
5 0.9390625 0.0890625 0.121875 0.178125
5 0.06171875 0.1875 0.1234375 0.2875
5 0.03515625 0.04375 0.0703125 0.0875
5 0.9078125 0.4796875 0.0640625 0.234375
5 0.090625 0.3984375 0.06875 0.2078125