5 0.40859375 0.86953125 0.3046875 0.2609375
5 0.1921875 0.73046875 0.2015625 0.50625
5 0.415625 0.51640625 0.4125 0.559375
5 0.7578125 0.64609375 0.25 0.4984375
5 0.71015625 0.3203125 0.321875 0.490625
5 0.415625 0.19609375 0.31875 0.3921875
5 0.66015625 0.11796875 0.2578125 0.2328125
5 0.2140625 0.11953125 0.14375 0.2390625
5 0.06171875 0.71875 0.1234375 0.503125
5 0.01953125 0.4875 0.0390625 0.534375
5 0.9234375 0.65859375 0.153125 0.4921875
5 0.9515625 0.33828125 0.096875 0.4765625
5 0.0234375 0.17734375 0.028125 0.3546875
5 0.0890625 0.11484375 0.140625 0.2296875