5 0.434375 0.8765625 0.2875 0.2453125
5 0.209375 0.7515625 0.1671875 0.4953125
5 0.4171875 0.521875 0.3765625 0.534375
5 0.7671875 0.628125 0.2171875 0.484375
5 0.696875 0.30625 0.2890625 0.471875
5 0.39375 0.1953125 0.2921875 0.390625
5 0.6328125 0.1078125 0.24375 0.215625
5 0.18828125 0.128125 0.1265625 0.25625
5 0.06171875 0.75078125 0.1234375 0.4953125
5 0.01015625 0.521875 0.0203125 0.534375
5 0.93671875 0.628125 0.1265625 0.484375
5 0.95390625 0.30625 0.0921875 0.471875
5 0.00078125 0.1953125 0.0015625 0.390625
5 0.99765625 0.1078125 0.0046875 0.215625
5 0.06171875 0.128125 0.1234375 0.25625