5 0.62578125 0.24140625 0.4921875 0.4828125
5 0.68125 0.74453125 0.3640625 0.5109375
5 0.23671875 0.1984375 0.2390625 0.38125
5 0.43515625 0.91875 0.0828125 0.1625
5 0.340625 0.940625 0.0875 0.1046875
5 0.33203125 0.83125 0.0734375 0.13125
5 0.16015625 0.9453125 0.0578125 0.109375
5 0.2578125 0.95625 0.13125 0.0875
5 0.53671875 0.56015625 0.06875 0.1265625
5 0.39296875 0.5515625 0.059375 0.0875
5 0.259375 0.85859375 0.0703125 0.11875
5 0.203125 0.84921875 0.075 0.0953125
5 0.9328125 0.23671875 0.13125 0.4734375
5 0.94765625 0.7390625 0.1046875 0.50625
5 0.0609375 0.2 0.121875 0.378125
5 0.10390625 0.94609375 0.0578125 0.1078125
5 0.03984375 0.9578125 0.0671875 0.084375
5 0.021875 0.8625 0.0328125 0.1171875
5 0.059375 0.8515625 0.075 0.0953125