5 0.71015625 0.6984375 0.209375 0.3109375
5 0.496875 0.66875 0.2296875 0.25
5 0.26015625 0.64453125 0.2125 0.2765625
5 0.82890625 0.53828125 0.096875 0.2203125
5 0.8265625 0.40546875 0.1078125 0.1390625
5 0.684375 0.4953125 0.1796875 0.2296875
5 0.66953125 0.38046875 0.153125 0.1296875
5 0.4828125 0.49296875 0.2 0.18125
5 0.47734375 0.38828125 0.1453125 0.1265625
5 0.28125 0.4578125 0.1953125 0.1828125
5 0.3125 0.3734375 0.140625 0.140625
5 0.159375 0.36015625 0.0640625 0.146875
5 0.14296875 0.471875 0.04375 0.2453125
5 0.96015625 0.70625 0.0765625 0.30625
5 0.04296875 0.63515625 0.0859375 0.2734375
5 0.91875 0.54140625 0.096875 0.2203125
5 0.9296875 0.40859375 0.1078125 0.1390625
5 0.9875 0.50546875 0.025 0.2234375
5 0.03515625 0.4484375 0.0703125 0.178125
5 0.01015625 0.36171875 0.015625 0.1359375
5 0.1 0.3578125 0.0640625 0.146875
5 0.10859375 0.4703125 0.04375 0.2453125