5 0.728125 0.7625 0.2875 0.475
5 0.4984375 0.65546875 0.3875 0.6890625
5 0.24609375 0.45546875 0.2765625 0.5546875
5 0.7671875 0.4390625 0.2515625 0.3921875
5 0.72890625 0.25 0.28125 0.2890625
5 0.4671875 0.2 0.28125 0.4
5 0.60546875 0.09375 0.2140625 0.1875
5 0.803125 0.084375 0.2109375 0.1421875
5 0.2296875 0.10703125 0.171875 0.2140625
5 0.9171875 0.77109375 0.159375 0.4578125
5 0.0734375 0.4421875 0.146875 0.546875
5 0.9328125 0.45078125 0.134375 0.3859375
5 0.9578125 0.265625 0.084375 0.278125
5 0.95 0.09453125 0.1 0.1359375
5 0.090625 0.10078125 0.140625 0.2015625