5 0.74765625 0.75859375 0.2546875 0.4828125
5 0.509375 0.65625 0.3421875 0.6671875
5 0.24375 0.4734375 0.2390625 0.5390625
5 0.7625 0.4203125 0.225 0.378125
5 0.7109375 0.234375 0.2625 0.271875
5 0.446875 0.1984375 0.2546875 0.3921875
5 0.5765625 0.0875 0.203125 0.1734375
5 0.7734375 0.0640625 0.203125 0.128125
5 0.203125 0.1140625 0.15625 0.228125
5 0.93671875 0.75859375 0.1265625 0.4828125
5 0.0625 0.47265625 0.125 0.5390625
5 0.9375 0.4203125 0.125 0.378125
5 0.95390625 0.234375 0.0921875 0.271875
5 0.9375 0.0640625 0.125 0.128125
5 0.0625 0.1140625 0.125 0.228125