5 0.684375 0.828125 0.36875 0.34375
5 0.61953125 0.51796875 0.5171875 0.45625
5 0.4984375 0.15703125 0.384375 0.3140625
5 0.296875 0.77578125 0.2234375 0.3328125
5 0.1796875 0.8546875 0.14375 0.2734375
5 0.19140625 0.603125 0.1484375 0.2609375
5 0.28671875 0.4234375 0.2859375 0.353125
5 0.2359375 0.1171875 0.203125 0.234375
5 0.925 0.834375 0.1375 0.33125
5 0.934375 0.528125 0.13125 0.44375
5 0.02265625 0.76640625 0.0453125 0.3265625
5 0.05859375 0.84921875 0.1171875 0.2734375
5 0.06171875 0.59765625 0.1234375 0.2609375
5 0.0546875 0.415625 0.109375 0.346875
5 0.075 0.1140625 0.13125 0.228125