5 0.696875 0.828125 0.35625 0.34375
5 0.6203125 0.5140625 0.5015625 0.4390625
5 0.4875 0.1546875 0.3734375 0.3078125
5 0.30625 0.7828125 0.2125 0.325
5 0.1921875 0.865625 0.134375 0.26875
5 0.1953125 0.6140625 0.1390625 0.25625
5 0.284375 0.43125 0.2734375 0.34375
5 0.2234375 0.1203125 0.1953125 0.240625
5 0.9375 0.828125 0.125 0.34375
5 0.9390625 0.51328125 0.121875 0.4390625
5 0.025 0.7828125 0.05 0.325
5 0.0625 0.865625 0.125 0.26875
5 0.06171875 0.6140625 0.1234375 0.25625
5 0.05078125 0.43125 0.1015625 0.34375
5 0.06171875 0.1203125 0.1234375 0.240625