5 0.2390625 0.2171875 0.1328125 0.1578125
5 0.403125 0.1984375 0.1921875 0.1796875
5 0.578125 0.0671875 0.1296875 0.1328125
5 0.7015625 0.0765625 0.1546875 0.1515625
5 0.8046875 0.1375 0.1 0.153125
5 0.8171875 0.275 0.0984375 0.128125
5 0.5953125 0.209375 0.16875 0.1734375
5 0.7203125 0.23125 0.1328125 0.1734375
5 0.2578125 0.41875 0.1484375 0.1390625
5 0.4171875 0.3984375 0.19375 0.1984375
5 0.5671875 0.4265625 0.14375 0.171875
5 0.6984375 0.4140625 0.1484375 0.18125
5 0.8078125 0.4375 0.0875 0.128125
5 0.8015625 0.6015625 0.09375 0.1046875
5 0.70625 0.6015625 0.1375 0.1765625
5 0.5703125 0.6078125 0.14375 0.16875
5 0.4 0.60625 0.1890625 0.171875
5 0.2265625 0.615625 0.1265625 0.1046875
5 0.2328125 0.8125 0.1765625 0.2140625
5 0.3953125 0.8390625 0.16875 0.1921875
5 0.565625 0.7859375 0.1890625 0.1953125
5 0.696875 0.78125 0.1109375 0.1734375
5 0.7875 0.7765625 0.1234375 0.15
5 0.2390625 0.978125 0.10625 0.04375
5 0.390625 0.965625 0.1765625 0.06875
5 0.5578125 0.94296875 0.16875 0.1140625
5 0.7046875 0.93125 0.1421875 0.1375
5 0.8140625 0.9296875 0.1125 0.1390625
5 0.03828125 0.21640625 0.0765625 0.1578125
5 0.98515625 0.07578125 0.0296875 0.1515625
5 0.9453125 0.1375 0.1 0.153125
5 0.9328125 0.275 0.0984375 0.128125
5 0.98125 0.23046875 0.0375 0.1734375
5 0.0328125 0.41796875 0.065625 0.1390625
5 0.98828125 0.4140625 0.0234375 0.18125
5 0.9421875 0.4375 0.0875 0.128125
5 0.9484375 0.6015625 0.09375 0.1046875
5 0.9875 0.60078125 0.025 0.1765625
5 0.04296875 0.61484375 0.0859375 0.1046875
5 0.05234375 0.81171875 0.1046875 0.2140625
5 0.9984375 0.78046875 0.003125 0.1734375
5 0.95 0.7765625 0.1 0.15
5 0.03203125 0.978125 0.0640625 0.04375
5 0.98671875 0.93125 0.0265625 0.1375
5 0.9359375 0.9296875 0.1125 0.1390625