5 0.24921875 0.20859375 0.1375 0.1625
5 0.4140625 0.1953125 0.1984375 0.1859375
5 0.59296875 0.0703125 0.134375 0.1375
5 0.71640625 0.08359375 0.159375 0.15625
5 0.8171875 0.1484375 0.1046875 0.15625
5 0.825 0.2859375 0.103125 0.13125
5 0.60546875 0.2125 0.175 0.1796875
5 0.7296875 0.2390625 0.1390625 0.178125
5 0.2609375 0.41015625 0.153125 0.14375
5 0.42109375 0.3953125 0.2 0.2046875
5 0.56953125 0.42890625 0.15 0.1765625
5 0.7015625 0.42109375 0.1546875 0.1859375
5 0.81015625 0.4484375 0.0921875 0.13125
5 0.79765625 0.61171875 0.096875 0.1078125
5 0.70234375 0.60859375 0.14375 0.18125
5 0.56640625 0.61015625 0.15 0.1734375
5 0.39609375 0.60234375 0.1953125 0.178125
5 0.22265625 0.60625 0.1296875 0.109375
5 0.221875 0.803125 0.184375 0.2203125
5 0.38359375 0.83515625 0.175 0.1984375
5 0.55546875 0.78828125 0.1953125 0.2015625
5 0.68671875 0.78828125 0.1171875 0.1765625
5 0.77734375 0.78671875 0.128125 0.1546875
5 0.22265625 0.96875 0.1078125 0.046875
5 0.37421875 0.96171875 0.178125 0.075
5 0.5421875 0.9421875 0.171875 0.115625
5 0.6890625 0.93359375 0.146875 0.1328125
5 0.79921875 0.934375 0.1171875 0.13125
5 0.0484375 0.20078125 0.08125 0.1609375
5 0.99140625 0.0921875 0.0171875 0.153125
5 0.95234375 0.153125 0.0953125 0.15625
5 0.940625 0.290625 0.103125 0.13125
5 0.984375 0.246875 0.03125 0.175
5 0.0359375 0.4015625 0.0703125 0.140625
5 0.9875 0.43125 0.025 0.18125
5 0.94375 0.453125 0.0921875 0.13125
5 0.94453125 0.6171875 0.096875 0.1078125
5 0.98359375 0.61796875 0.03125 0.1765625
5 0.04140625 0.59765625 0.0828125 0.1078125
5 0.0484375 0.79609375 0.096875 0.2171875
5 0.98828125 0.79765625 0.009375 0.1734375
5 0.93984375 0.7921875 0.1046875 0.153125
5 0.02421875 0.96171875 0.0484375 0.0453125
5 0.9703125 0.9390625 0.03125 0.121875
5 0.91953125 0.93671875 0.1171875 0.1265625