5 0.79921875 0.96328125 0.0984375 0.0734375
5 0.79375 0.8109375 0.1015625 0.14375
5 0.796875 0.6140625 0.0890625 0.125
5 0.7875 0.415625 0.0640625 0.1015625
5 0.7875 0.2109375 0.0640625 0.0984375
5 0.78125 0.0390625 0.0703125 0.078125
5 0.5890625 0.0296875 0.05625 0.059375
5 0.3890625 0.0359375 0.0921875 0.0703125
5 0.19375 0.0453125 0.084375 0.090625
5 0.5921875 0.209375 0.0703125 0.1015625
5 0.4015625 0.20625 0.0640625 0.090625
5 0.196875 0.23125 0.06875 0.09375
5 0.5984375 0.4140625 0.071875 0.1140625
5 0.4015625 0.4109375 0.0703125 0.1015625
5 0.203125 0.4171875 0.0546875 0.0875
5 0.5953125 0.6140625 0.071875 0.1078125
5 0.40625 0.6203125 0.0890625 0.1359375
5 0.2 0.6453125 0.0765625 0.1046875
5 0.5984375 0.81875 0.10625 0.1640625
5 0.603125 0.975 0.1 0.05
5 0.41015625 0.97109375 0.0796875 0.0578125
5 0.4125 0.809375 0.1078125 0.1484375
5 0.2078125 0.83125 0.1 0.121875
5 0.20703125 0.96953125 0.1234375 0.0609375
5 0.9515625 0.96328125 0.096875 0.0734375
5 0.953125 0.8109375 0.09375 0.14375
5 0.953125 0.6140625 0.0890625 0.125
5 0.9625 0.415625 0.0640625 0.1015625
5 0.9625 0.2109375 0.0640625 0.0984375
5 0.9671875 0.0390625 0.065625 0.078125
5 0.05625 0.0453125 0.084375 0.090625
5 0.053125 0.23125 0.06875 0.09375
5 0.046875 0.4171875 0.0546875 0.0875
5 0.05 0.6453125 0.0765625 0.1046875
5 0.04609375 0.83125 0.0921875 0.121875
5 0.053125 0.96953125 0.10625 0.0609375