5 0.2109375 0.1515625 0.1 0.1125
5 0.203125 0.3546875 0.0890625 0.1203125
5 0.209375 0.5578125 0.078125 0.125
5 0.2109375 0.9578125 0.0515625 0.0734375
5 0.409375 0.95625 0.0640625 0.0875
5 0.60625 0.953125 0.0890625 0.09375
5 0.8015625 0.953125 0.0765625 0.09375
5 0.803125 0.753125 0.0859375 0.1125
5 0.409375 0.753125 0.1078125 0.1328125
5 0.4125 0.5578125 0.10625 0.1359375
5 0.6078125 0.5515625 0.11875 0.1625
5 0.8015625 0.553125 0.1171875 0.16875
5 0.80625 0.3609375 0.1015625 0.1375
5 0.5984375 0.359375 0.1109375 0.1625
5 0.4078125 0.3484375 0.0984375 0.1125
5 0.4140625 0.140625 0.0984375 0.140625
5 0.5984375 0.1390625 0.1015625 0.14375
5 0.796875 0.1421875 0.1171875 0.159375
5 0.04453125 0.1515625 0.0890625 0.1125
5 0.046875 0.3546875 0.0890625 0.1203125
5 0.040625 0.5578125 0.078125 0.125
5 0.0390625 0.9578125 0.0515625 0.0734375
5 0.9484375 0.953125 0.0765625 0.09375
5 0.946875 0.753125 0.0859375 0.1125
5 0.94453125 0.553125 0.1109375 0.16875
5 0.94375 0.3609375 0.1015625 0.1375
5 0.946875 0.1421875 0.10625 0.159375