5 0.215625 0.94921875 0.103125 0.1015625
5 0.2125 0.7703125 0.075 0.090625
5 0.209375 0.575 0.08125 0.1015625
5 0.203125 0.384375 0.0765625 0.115625
5 0.196875 0.1828125 0.0921875 0.109375
5 0.37890625 0.03203125 0.1046875 0.0578125
5 0.38359375 0.16484375 0.109375 0.140625
5 0.3953125 0.38046875 0.0984375 0.1234375
5 0.4046875 0.56875 0.0890625 0.1265625
5 0.40703125 0.79140625 0.084375 0.1140625
5 0.39765625 0.946875 0.0921875 0.10625
5 0.59921875 0.94140625 0.1140625 0.1140625
5 0.596875 0.771875 0.1140625 0.1375
5 0.59296875 0.5734375 0.0953125 0.1359375
5 0.58203125 0.3671875 0.0859375 0.10625
5 0.58359375 0.15625 0.0671875 0.1078125
5 0.7765625 0.16796875 0.046875 0.0640625
5 0.784375 0.37421875 0.034375 0.0515625
5 0.79140625 0.57421875 0.034375 0.053125
5 0.7921875 0.76640625 0.0578125 0.08125
5 0.8 0.94453125 0.1078125 0.0859375
5 0.19296875 0.0390625 0.0875 0.0515625
5 0.5640625 0.0203125 0.075 0.040625
5 0.08125 0.95234375 0.103125 0.0953125
5 0.065625 0.778125 0.075 0.090625
5 0.04765625 0.5828125 0.08125 0.1015625
5 0.0359375 0.3921875 0.071875 0.115625
5 0.03203125 0.190625 0.0640625 0.109375
5 0.9390625 0.159375 0.046875 0.0640625
5 0.953125 0.36484375 0.034375 0.0515625
5 0.96640625 0.56484375 0.034375 0.053125
5 0.978125 0.75625 0.04375 0.08125
5 0.97109375 0.93359375 0.0578125 0.0859375
5 0.02578125 0.0484375 0.0515625 0.05