5 0.1859375 0.9453125 0.096875 0.109375
5 0.1953125 0.7453125 0.10625 0.1453125
5 0.2140625 0.33125 0.1140625 0.1484375
5 0.2234375 0.1265625 0.1140625 0.1484375
5 0.4078125 0.140625 0.1015625 0.140625
5 0.6109375 0.1515625 0.1109375 0.1484375
5 0.8109375 0.1640625 0.0890625 0.125
5 0.4046875 0.3546875 0.115625 0.146875
5 0.5984375 0.3640625 0.121875 0.15625
5 0.80625 0.371875 0.0984375 0.146875
5 0.4 0.559375 0.109375 0.1375
5 0.5921875 0.5890625 0.1140625 0.1625
5 0.7921875 0.58125 0.0921875 0.121875
5 0.3859375 0.765625 0.1140625 0.15625
5 0.3875 0.959375 0.084375 0.08125
5 0.5875 0.95390625 0.09375 0.0921875
5 0.5875 0.7828125 0.128125 0.1640625
5 0.78125 0.7875 0.125 0.153125
5 0.7765625 0.965625 0.0859375 0.0671875
5 0.0640625 0.9453125 0.096875 0.109375
5 0.0546875 0.7453125 0.10625 0.1453125
5 0.04609375 0.33046875 0.0921875 0.1484375
5 0.04140625 0.12578125 0.0828125 0.1484375
5 0.9390625 0.1640625 0.0890625 0.125
5 0.94375 0.371875 0.0984375 0.146875
5 0.95546875 0.58125 0.0890625 0.121875
5 0.953125 0.7875 0.09375 0.153125
5 0.96484375 0.96484375 0.0703125 0.0671875