5 0.20234375 0.86015625 0.2234375 0.253125
5 0.43125 0.95703125 0.146875 0.0859375
5 0.70703125 0.86875 0.2984375 0.2625
5 0.4703125 0.7203125 0.2421875 0.315625
5 0.7203125 0.5703125 0.2625 0.328125
5 0.2375 0.51015625 0.225 0.290625
5 0.265625 0.17890625 0.2625 0.3578125
5 0.475 0.38671875 0.2609375 0.33125
5 0.75859375 0.225 0.2765625 0.3609375
5 0.4875 0.11015625 0.3 0.2203125
5 0.05390625 0.846875 0.1078125 0.246875
5 0.91171875 0.878125 0.1421875 0.24375
5 0.94453125 0.5859375 0.1109375 0.31875
5 0.0609375 0.4953125 0.121875 0.284375
5 0.084375 0.1703125 0.15 0.340625
5 0.94609375 0.23828125 0.1078125 0.3515625