5 0.1921875 0.97890625 0.103125 0.0421875
5 0.3890625 0.98125 0.0609375 0.0375
5 0.578125 0.9859375 0.078125 0.028125
5 0.7859375 0.8296875 0.09375 0.121875
5 0.5828125 0.8234375 0.1109375 0.1484375
5 0.384375 0.8234375 0.096875 0.128125
5 0.1890625 0.8109375 0.0890625 0.1328125
5 0.1921875 0.6140625 0.096875 0.1171875
5 0.3921875 0.61875 0.09375 0.128125
5 0.575 0.63125 0.0875 0.1171875
5 0.7796875 0.621875 0.0890625 0.1171875
5 0.7921875 0.421875 0.08125 0.11875
5 0.5890625 0.415625 0.0890625 0.1375
5 0.3875 0.4109375 0.0875 0.125
5 0.196875 0.4109375 0.096875 0.128125
5 0.1984375 0.1984375 0.0984375 0.1171875
5 0.3921875 0.209375 0.09375 0.14375
5 0.5796875 0.209375 0.096875 0.153125
5 0.78125 0.20625 0.09375 0.1203125
5 0.584375 0.0421875 0.1015625 0.0828125
5 0.3921875 0.0390625 0.09375 0.078125
5 0.2015625 0.03125 0.0859375 0.0625
5 0.79296875 0.0421875 0.1015625 0.084375
5 0.0578125 0.97890625 0.103125 0.0421875
5 0.95859375 0.8296875 0.0828125 0.121875
5 0.0609375 0.8109375 0.0890625 0.1328125
5 0.0578125 0.6140625 0.096875 0.1171875
5 0.9625 0.62109375 0.075 0.1171875
5 0.9578125 0.421875 0.08125 0.11875
5 0.053125 0.4109375 0.096875 0.128125
5 0.0515625 0.1984375 0.0984375 0.1171875
5 0.9609375 0.20546875 0.078125 0.1203125
5 0.0484375 0.03125 0.0859375 0.0625
5 0.95234375 0.0421875 0.0953125 0.084375