5 0.79140625 0.84296875 0.128125 0.1671875
5 0.80625 0.6484375 0.1203125 0.15625
5 0.81640625 0.4390625 0.1140625 0.15625
5 0.825 0.2375 0.1078125 0.1390625
5 0.83359375 0.06796875 0.1171875 0.1171875
5 0.63125 0.05625 0.11875 0.10625
5 0.6453125 0.2359375 0.121875 0.1765625
5 0.61015625 0.43203125 0.125 0.1640625
5 0.60625 0.62578125 0.121875 0.171875
5 0.59609375 0.83828125 0.1390625 0.184375
5 0.403125 0.8171875 0.125 0.1671875
5 0.41953125 0.6046875 0.10625 0.1453125
5 0.4265625 0.40546875 0.0390625 0.065625
5 0.43046875 0.21484375 0.1078125 0.146875
5 0.4390625 0.046875 0.11875 0.09375
5 0.24140625 0.03203125 0.0921875 0.0640625
5 0.23359375 0.2046875 0.096875 0.1484375
5 0.2203125 0.41015625 0.1140625 0.1453125
5 0.21875 0.59296875 0.096875 0.1515625
5 0.20078125 0.79453125 0.0921875 0.128125
5 0.93125 0.8484375 0.1203125 0.165625
5 0.934375 0.653125 0.1203125 0.15625
5 0.93828125 0.44375 0.1140625 0.15625
5 0.94375 0.2421875 0.1078125 0.1390625
5 0.94453125 0.07109375 0.1109375 0.1171875
5 0.05078125 0.02890625 0.0734375 0.0578125
5 0.046875 0.19765625 0.078125 0.1484375
5 0.046875 0.40390625 0.0921875 0.1453125
5 0.03671875 0.58515625 0.0734375 0.1515625
5 0.0375 0.7875 0.075 0.128125