5 0.225 0.909375 0.20625 0.1640625
5 0.21484375 0.71484375 0.21875 0.278125
5 0.23046875 0.478125 0.2140625 0.2453125
5 0.2484375 0.24765625 0.21875 0.26875
5 0.246875 0.0671875 0.20625 0.134375
5 0.45546875 0.86875 0.2359375 0.234375
5 0.46171875 0.634375 0.2484375 0.275
5 0.47578125 0.396875 0.2421875 0.271875
5 0.5 0.14609375 0.240625 0.2890625
5 0.7296875 0.09296875 0.24375 0.1734375
5 0.71484375 0.278125 0.2484375 0.28125
5 0.70234375 0.5265625 0.259375 0.26875
5 0.68828125 0.75859375 0.2453125 0.2546875
5 0.68828125 0.92890625 0.2328125 0.1421875
5 0.04140625 0.89921875 0.0828125 0.1578125
5 0.06015625 0.70546875 0.1203125 0.2734375
5 0.06328125 0.46875 0.1265625 0.240625
5 0.071875 0.2375 0.13125 0.2640625
5 0.084375 0.06171875 0.13125 0.1234375
5 0.9703125 0.10546875 0.059375 0.1640625
5 0.9671875 0.2921875 0.065625 0.271875
5 0.95703125 0.5390625 0.0859375 0.259375
5 0.95234375 0.771875 0.08125 0.2453125
5 0.940625 0.9375 0.08125 0.125