5 0.2546875 0.959375 0.1578125 0.08125
5 0.246875 0.8234375 0.1640625 0.2140625
5 0.2359375 0.3984375 0.171875 0.234375
5 0.23125 0.171875 0.1765625 0.2453125
5 0.21875 0.034375 0.15625 0.0671875
5 0.390625 0.078125 0.1953125 0.15625
5 0.73359375 0.0671875 0.2046875 0.134375
5 0.54765625 0.0203125 0.1359375 0.040625
5 0.5734375 0.14375 0.1734375 0.2375
5 0.396875 0.2703125 0.1796875 0.25
5 0.4109375 0.4984375 0.1765625 0.2328125
5 0.5796875 0.3734375 0.178125 0.2375
5 0.7359375 0.48125 0.190625 0.2265625
5 0.746875 0.7125 0.1765625 0.2328125
5 0.40625 0.7140625 0.16875 0.21875
5 0.421875 0.9046875 0.171875 0.190625
5 0.5890625 0.8390625 0.1859375 0.25
5 0.7484375 0.90859375 0.184375 0.1828125
5 0.5734375 0.6140625 0.13125 0.1875
5 0.03671875 0.959375 0.0734375 0.08125
5 0.0421875 0.82265625 0.084375 0.2140625
5 0.05 0.3984375 0.1 0.234375
5 0.053125 0.17109375 0.10625 0.2453125
5 0.0546875 0.03359375 0.109375 0.0671875
5 0.95625 0.0671875 0.0875 0.134375
5 0.959375 0.48046875 0.08125 0.2265625
5 0.95703125 0.71171875 0.0859375 0.2328125
5 0.9546875 0.90859375 0.090625 0.1828125