5 0.196875 0.9515625 0.13125 0.096875
5 0.190625 0.79375 0.121875 0.1640625
5 0.190625 0.5875 0.09375 0.121875
5 0.196875 0.3796875 0.096875 0.1359375
5 0.196875 0.203125 0.08125 0.0984375
5 0.2015625 0.025 0.0765625 0.0484375
5 0.5875 0.0171875 0.071875 0.034375
5 0.79375 0.01875 0.053125 0.0375
5 0.5875 0.175 0.0859375 0.1140625
5 0.78125 0.1640625 0.1140625 0.1203125
5 0.4015625 0.3828125 0.084375 0.0984375
5 0.5765625 0.3859375 0.0921875 0.121875
5 0.790625 0.3890625 0.078125 0.1125
5 0.3953125 0.58125 0.0765625 0.11875
5 0.5765625 0.5875 0.1 0.128125
5 0.7890625 0.5828125 0.1015625 0.13125
5 0.390625 0.7921875 0.109375 0.1453125
5 0.38828125 0.96171875 0.1078125 0.0765625
5 0.5734375 0.7890625 0.1234375 0.15625
5 0.5921875 0.95625 0.0859375 0.0875
5 0.784375 0.796875 0.11875 0.1453125
5 0.78125 0.9671875 0.115625 0.065625
5 0.059375 0.9515625 0.11875 0.096875
5 0.06015625 0.79296875 0.1203125 0.1640625
5 0.059375 0.5875 0.09375 0.121875
5 0.053125 0.3796875 0.096875 0.1359375
5 0.053125 0.203125 0.08125 0.0984375
5 0.0484375 0.025 0.0765625 0.0484375
5 0.95625 0.01875 0.053125 0.0375
5 0.95546875 0.16328125 0.0890625 0.1203125
5 0.959375 0.3890625 0.078125 0.1125
5 0.9546875 0.5828125 0.090625 0.13125
5 0.953125 0.79609375 0.09375 0.1453125
5 0.95546875 0.9671875 0.0890625 0.065625