5 0.1921875 0.9421875 0.096875 0.1140625
5 0.1984375 0.7546875 0.0703125 0.0875
5 0.20625 0.559375 0.0765625 0.0984375
5 0.209375 0.36875 0.0703125 0.1125
5 0.2140625 0.1671875 0.0875 0.1046875
5 0.40390625 0.0265625 0.1015625 0.053125
5 0.4015625 0.159375 0.103125 0.1359375
5 0.4015625 0.375 0.0921875 0.11875
5 0.4015625 0.5640625 0.0828125 0.121875
5 0.3921875 0.7859375 0.078125 0.109375
5 0.375 0.9453125 0.0859375 0.109375
5 0.57578125 0.94609375 0.1078125 0.1078125
5 0.5828125 0.7765625 0.1078125 0.1328125
5 0.5890625 0.578125 0.0890625 0.13125
5 0.5890625 0.371875 0.08125 0.1015625
5 0.6015625 0.1609375 0.0625 0.1046875
5 0.79375 0.1828125 0.04375 0.0625
5 0.790625 0.3890625 0.03125 0.05
5 0.7875 0.5890625 0.03125 0.0515625
5 0.778125 0.78125 0.053125 0.078125
5 0.7765625 0.959375 0.103125 0.08125
5 0.2171875 0.0234375 0.0859375 0.046875
5 0.5890625 0.021875 0.0734375 0.04375
5 0.0578125 0.9421875 0.096875 0.1140625
5 0.0515625 0.7546875 0.0703125 0.0875
5 0.04375 0.559375 0.0765625 0.0984375
5 0.040625 0.36875 0.0703125 0.1125
5 0.03984375 0.16640625 0.0796875 0.1046875
5 0.95625 0.1828125 0.04375 0.0625
5 0.959375 0.3890625 0.03125 0.05
5 0.9625 0.5890625 0.03125 0.0515625
5 0.971875 0.78125 0.053125 0.078125
5 0.9609375 0.959375 0.078125 0.08125
5 0.0375 0.0234375 0.075 0.046875