5 0.73828125 0.91953125 0.2015625 0.15625
5 0.74140625 0.73046875 0.209375 0.2703125
5 0.7375 0.48671875 0.20625 0.2375
5 0.72734375 0.25546875 0.2109375 0.2609375
5 0.73359375 0.0703125 0.2015625 0.140625
5 0.5078125 0.88671875 0.228125 0.2265625
5 0.51328125 0.64375 0.2390625 0.2671875
5 0.503125 0.4 0.2328125 0.265625
5 0.4921875 0.13984375 0.23125 0.2796875
5 0.27421875 0.08515625 0.2390625 0.165625
5 0.26328125 0.27109375 0.2390625 0.2734375
5 0.2765625 0.50546875 0.2515625 0.2609375
5 0.2671875 0.75078125 0.2375 0.246875
5 0.271875 0.92734375 0.228125 0.1453125
5 0.9625 0.91484375 0.075 0.1546875
5 0.95625 0.725 0.0875 0.26875
5 0.9546875 0.48203125 0.090625 0.2359375
5 0.95390625 0.25078125 0.0890625 0.259375
5 0.946875 0.06796875 0.09375 0.1359375
5 0.040625 0.0875 0.08125 0.1625
5 0.04921875 0.27421875 0.0984375 0.2703125
5 0.04921875 0.50859375 0.0984375 0.2578125
5 0.05703125 0.75390625 0.109375 0.24375
5 0.05703125 0.9296875 0.1015625 0.140625