5 0.26875 0.9234375 0.1984375 0.153125
5 0.2625 0.734375 0.2046875 0.2671875
5 0.2625 0.490625 0.2015625 0.234375
5 0.26875 0.259375 0.20625 0.2578125
5 0.2578125 0.071875 0.1984375 0.14375
5 0.4984375 0.8875 0.225 0.2234375
5 0.4890625 0.64375 0.234375 0.2625
5 0.4953125 0.4 0.228125 0.2609375
5 0.5015625 0.1390625 0.2265625 0.278125
5 0.71875 0.08125 0.2359375 0.1609375
5 0.7328125 0.2671875 0.234375 0.26875
5 0.7234375 0.5015625 0.246875 0.25625
5 0.7375 0.746875 0.2328125 0.2421875
5 0.7359375 0.9265625 0.225 0.146875
5 0.03984375 0.9234375 0.0796875 0.153125
5 0.04453125 0.73359375 0.0890625 0.2671875
5 0.04375 0.490625 0.0875 0.234375
5 0.0421875 0.25859375 0.084375 0.2578125
5 0.0453125 0.071875 0.090625 0.14375
5 0.95625 0.08046875 0.0875 0.1609375
5 0.95 0.2671875 0.1 0.26875
5 0.9515625 0.5015625 0.096875 0.25625
5 0.94765625 0.74609375 0.1046875 0.2421875
5 0.95078125 0.9265625 0.0984375 0.146875