5 0.83125 0.04921875 0.059375 0.0984375
5 0.75703125 0.028125 0.1140625 0.05625
5 0.64140625 0.05546875 0.1453125 0.1109375
5 0.5109375 0.04375 0.13125 0.0875
5 0.3828125 0.05703125 0.1265625 0.1109375
5 0.2625 0.053125 0.1265625 0.0953125
5 0.15390625 0.07109375 0.0921875 0.1203125
5 0.75703125 0.11875 0.1375 0.1671875
5 0.65 0.18203125 0.134375 0.1765625
5 0.5125 0.13515625 0.128125 0.1515625
5 0.3734375 0.19296875 0.1453125 0.1921875
5 0.2484375 0.15234375 0.140625 0.1796875
5 0.1453125 0.203125 0.065625 0.1578125
5 0.228125 0.3171875 0.1515625 0.21875
5 0.51875 0.27578125 0.159375 0.190625
5 0.3578125 0.365625 0.1578125 0.2
5 0.19765625 0.49140625 0.1546875 0.2328125
5 0.3375 0.54765625 0.1984375 0.25
5 0.19375 0.725 0.1328125 0.271875
5 0.31875 0.7734375 0.190625 0.284375
5 0.7765625 0.28203125 0.1640625 0.171875
5 0.65546875 0.34609375 0.1453125 0.1875
5 0.51015625 0.46875 0.1609375 0.234375
5 0.503125 0.6796875 0.184375 0.240625
5 0.503125 0.846875 0.171875 0.13125
5 0.8046875 0.453125 0.1453125 0.2
5 0.66796875 0.52265625 0.165625 0.228125
5 0.8140625 0.6734375 0.1453125 0.2765625
5 0.6875 0.7625 0.1828125 0.2765625
5 0.8328125 0.85546875 0.1125 0.096875
5 0.8875 0.04765625 0.059375 0.0953125
5 0.94375 0.025 0.08125 0.05
5 0.01015625 0.06171875 0.0203125 0.0921875
5 0.06640625 0.07421875 0.0921875 0.1203125
5 0.94375 0.1125 0.0921875 0.165625
5 0.0234375 0.16015625 0.046875 0.1765625
5 0.0828125 0.2046875 0.065625 0.1578125
5 0.0421875 0.32265625 0.084375 0.2171875
5 0.0640625 0.49609375 0.128125 0.2328125
5 0.00703125 0.559375 0.0140625 0.24375
5 0.071875 0.72890625 0.1328125 0.271875
5 0.025 0.78359375 0.040625 0.2796875
5 0.9359375 0.27578125 0.11875 0.1703125
5 0.93515625 0.446875 0.1296875 0.2
5 0.93828125 0.66796875 0.1234375 0.2765625
5 0.9953125 0.75078125 0.009375 0.2703125
5 0.9421875 0.85234375 0.1125 0.096875