5 0.7953125 0.803125 0.1578125 0.39375
5 0.2625 0.7515625 0.275 0.4953125
5 0.5 0.6984375 0.359375 0.5828125
5 0.759375 0.4578125 0.23125 0.4953125
5 0.240625 0.4203125 0.2328125 0.378125
5 0.29375 0.253125 0.2484375 0.296875
5 0.559375 0.209375 0.2609375 0.39375
5 0.41875 0.0890625 0.1796875 0.1765625
5 0.225 0.0734375 0.1984375 0.1453125
5 0.790625 0.1125 0.16875 0.225
5 0.9375 0.803125 0.125 0.39375
5 0.0625 0.75078125 0.125 0.4953125
5 0.9375 0.45703125 0.125 0.4953125
5 0.0625 0.4203125 0.125 0.378125
5 0.03984375 0.253125 0.0796875 0.296875
5 0.06171875 0.07265625 0.1234375 0.1453125
5 0.9375 0.1125 0.125 0.225