5 0.85625 0.8875 0.0390625 0.05625
5 0.61875 0.9390625 0.0640625 0.0890625
5 0.6953125 0.878125 0.0515625 0.090625
5 0.7578125 0.8171875 0.0609375 0.0875
5 0.8234375 0.7453125 0.0640625 0.1046875
5 0.859375 0.6984375 0.03125 0.078125
5 0.49375 0.9078125 0.0609375 0.096875
5 0.5640625 0.840625 0.0671875 0.0859375
5 0.628125 0.7890625 0.046875 0.0515625
5 0.6859375 0.74375 0.0359375 0.0546875
5 0.74375 0.6859375 0.053125 0.0640625
5 0.784375 0.6546875 0.053125 0.05625
5 0.8265625 0.6109375 0.05625 0.0671875
5 0.859375 0.5828125 0.03125 0.0609375
5 0.4984375 0.775 0.0515625 0.071875
5 0.559375 0.7140625 0.04375 0.06875
5 0.615625 0.6734375 0.0484375 0.0578125
5 0.6765625 0.621875 0.0484375 0.0625
5 0.725 0.590625 0.046875 0.053125
5 0.765625 0.5546875 0.0375 0.0515625
5 0.80625 0.528125 0.0375 0.0578125
5 0.846875 0.4953125 0.0390625 0.04375
5 0.459375 0.715625 0.0328125 0.0625
5 0.51875 0.6703125 0.040625 0.0640625
5 0.56875 0.6296875 0.03125 0.05625
5 0.621875 0.590625 0.040625 0.0515625
5 0.6640625 0.5578125 0.025 0.04375
5 0.709375 0.528125 0.040625 0.0453125
5 0.7421875 0.5015625 0.0296875 0.04375
5 0.775 0.4875 0.034375 0.0390625
5 0.80625 0.459375 0.0234375 0.03125
5 0.45625 0.6234375 0.0328125 0.0515625
5 0.5046875 0.59375 0.0328125 0.0421875
5 0.4328125 0.590625 0.0265625 0.0375
5 0.553125 0.559375 0.0328125 0.0390625
5 0.5984375 0.5296875 0.03125 0.0390625
5 0.6421875 0.5046875 0.03125 0.0375
5 0.6828125 0.4796875 0.0359375 0.04375
5 0.7171875 0.4578125 0.0328125 0.0359375
5 0.746875 0.440625 0.021875 0.0265625
5 0.778125 0.41875 0.028125 0.0234375
5 0.80625 0.403125 0.0265625 0.03125
5 0.825 0.3828125 0.0265625 0.0265625
5 0.8515625 0.3671875 0.021875 0.028125
5 0.5203125 0.534375 0.0265625 0.0375
5 0.5609375 0.5078125 0.0265625 0.025
5 0.596875 0.484375 0.03125 0.0375
5 0.6296875 0.46875 0.0265625 0.0296875
5 0.66875 0.44375 0.0234375 0.0328125
5 0.703125 0.421875 0.028125 0.028125
5 0.7359375 0.403125 0.0234375 0.03125
5 0.7703125 0.3859375 0.0234375 0.021875
5 0.790625 0.36875 0.03125 0.028125
5 0.8171875 0.353125 0.0234375 0.025
5 0.509375 0.5046875 0.009375 0.028125
5 0.5421875 0.4875 0.01875 0.0265625
5 0.575 0.46875 0.025 0.0265625
5 0.6078125 0.4421875 0.0203125 0.028125
5 0.640625 0.428125 0.01875 0.028125
5 0.6703125 0.4078125 0.01875 0.021875
5 0.7265625 0.38125 0.0171875 0.0234375
5 0.7734375 0.353125 0.0140625 0.0234375
5 0.796875 0.3359375 0.01875 0.021875
5 0.81875 0.325 0.0171875 0.021875
5 0.8375 0.315625 0.01875 0.025
5 0.525 0.465625 0.0234375 0.0265625
5 0.5578125 0.4484375 0.01875 0.021875
5 0.5875 0.4328125 0.021875 0.028125
5 0.6171875 0.4109375 0.0203125 0.0234375
5 0.646875 0.3953125 0.0171875 0.025
5 0.678125 0.3796875 0.01875 0.025
5 0.7296875 0.35 0.01875 0.028125
5 0.796875 0.3109375 0.0171875 0.0234375
5 0.81875 0.2984375 0.0171875 0.0140625
5 0.5140625 0.440625 0.0171875 0.0203125
5 0.5484375 0.4234375 0.0140625 0.01875
5 0.5734375 0.40625 0.0171875 0.01875
5 0.6015625 0.3921875 0.01875 0.0171875
5 0.634375 0.375 0.0140625 0.0171875
5 0.6609375 0.3609375 0.0125 0.0171875
5 0.6828125 0.3453125 0.0171875 0.0203125
5 0.7078125 0.3359375 0.0140625 0.0140625
5 0.753125 0.30625 0.0140625 0.0171875
5 0.775 0.296875 0.0171875 0.0125
5 0.8 0.284375 0.0140625 0.0140625
5 0.81875 0.275 0.0125 0.01875
5 0.8390625 0.2671875 0.0171875 0.0140625
5 0.840625 0.2515625 0.009375 0.0140625
5 0.8234375 0.25625 0.0109375 0.0125
5 0.8046875 0.2640625 0.0125 0.0140625
5 0.7890625 0.2734375 0.0125 0.0125
5 0.76875 0.284375 0.0140625 0.0140625
5 0.7515625 0.29375 0.015625 0.0140625
5 0.73125 0.3015625 0.0140625 0.015625
5 0.709375 0.3109375 0.0171875 0.01875
5 0.6671875 0.3359375 0.0125 0.0171875
5 0.6203125 0.3578125 0.0140625 0.0203125
5 0.590625 0.3796875 0.0171875 0.0171875
5 0.5703125 0.3875 0.015625 0.021875
5 0.509375 0.41875 0.015625 0.028125
5 0.5359375 0.3859375 0.0171875 0.0265625
5 0.5625 0.371875 0.021875 0.025
5 0.5421875 0.36875 0.021875 0.0265625
5 0.4859375 0.4109375 0.0203125 0.021875
5 0.4578125 0.41875 0.0171875 0.0125
5 0.434375 0.4140625 0.0203125 0.01875
5 0.4625 0.4015625 0.0140625 0.0234375
5 0.4875 0.3921875 0.0140625 0.01875
5 0.5171875 0.3796875 0.0171875 0.0203125
5 0.5125 0.4 0.021875 0.01875
5 0.5859375 0.3609375 0.01875 0.01875
5 0.584375 0.340625 0.0203125 0.0234375
5 0.6078125 0.3484375 0.0171875 0.0234375
5 0.609375 0.328125 0.0203125 0.021875
5 0.6296875 0.3359375 0.0171875 0.021875
5 0.653125 0.3265625 0.01875 0.021875
5 0.6484375 0.30625 0.0203125 0.01875
5 0.6734375 0.315625 0.01875 0.01875
5 0.6890625 0.290625 0.01875 0.01875
5 0.7140625 0.29375 0.0171875 0.0140625
5 0.73125 0.2828125 0.0140625 0.01875
5 0.75 0.2734375 0.01875 0.021875
5 0.76875 0.2640625 0.01875 0.0234375
5 0.784375 0.259375 0.0171875 0.0203125
5 0.8 0.25 0.0125 0.0140625
5 0.815625 0.2453125 0.0171875 0.01875
5 0.378125 0.45 0.0125 0.028125
5 0.3875 0.4671875 0.0140625 0.0390625
5 0.89375 0.8875 0.0390625 0.05625
5 0.98046875 0.8171875 0.0390625 0.0875
5 0.9265625 0.7453125 0.0640625 0.1046875
5 0.890625 0.6984375 0.03125 0.078125
5 0.98984375 0.68515625 0.0203125 0.0640625
5 0.965625 0.6546875 0.053125 0.05625
5 0.9234375 0.6109375 0.05625 0.0671875
5 0.890625 0.5828125 0.03125 0.0609375
5 0.9828125 0.55390625 0.034375 0.0515625
5 0.94375 0.528125 0.0375 0.0578125
5 0.903125 0.4953125 0.0390625 0.04375
5 0.99609375 0.5015625 0.0078125 0.04375
5 0.975 0.4875 0.034375 0.0390625
5 0.94375 0.459375 0.0234375 0.03125
5 0.99609375 0.43984375 0.0078125 0.0265625
5 0.971875 0.41875 0.028125 0.0234375
5 0.94375 0.403125 0.0265625 0.03125
5 0.925 0.3828125 0.0265625 0.0265625
5 0.8984375 0.3671875 0.021875 0.028125
5 0.9796875 0.3859375 0.0234375 0.021875
5 0.959375 0.36875 0.03125 0.028125
5 0.9328125 0.353125 0.0234375 0.025
5 0.9765625 0.353125 0.0140625 0.0234375
5 0.953125 0.3359375 0.01875 0.021875
5 0.93125 0.325 0.0171875 0.021875
5 0.9125 0.315625 0.01875 0.025
5 0.953125 0.3109375 0.0171875 0.0234375
5 0.93125 0.2984375 0.0171875 0.0140625
5 0.99453125 0.30546875 0.0109375 0.0171875
5 0.975 0.296875 0.0171875 0.0125
5 0.95 0.284375 0.0140625 0.0140625
5 0.93125 0.275 0.0125 0.01875
5 0.9109375 0.2671875 0.0171875 0.0140625
5 0.909375 0.2515625 0.009375 0.0140625
5 0.9265625 0.25625 0.0109375 0.0125
5 0.9453125 0.2640625 0.0125 0.0140625
5 0.9609375 0.2734375 0.0125 0.0125
5 0.98125 0.284375 0.0140625 0.0140625
5 0.9953125 0.29296875 0.009375 0.0140625
5 0.9953125 0.2734375 0.009375 0.021875
5 0.98125 0.2640625 0.01875 0.0234375
5 0.965625 0.259375 0.0171875 0.0203125
5 0.95 0.25 0.0125 0.0140625
5 0.934375 0.2453125 0.0171875 0.01875