5 0.85703125 0.371875 0.021875 0.0375
5 0.80703125 0.35078125 0.0265625 0.034375
5 0.7578125 0.33125 0.0328125 0.03125
5 0.7125 0.31484375 0.028125 0.0296875
5 0.671875 0.3015625 0.0171875 0.0203125
5 0.63203125 0.28671875 0.025 0.025
5 0.59609375 0.28125 0.0234375 0.028125
5 0.8375 0.3921875 0.034375 0.0359375
5 0.77421875 0.3734375 0.03125 0.0421875
5 0.72578125 0.35390625 0.034375 0.0375
5 0.678125 0.3328125 0.028125 0.0359375
5 0.640625 0.32265625 0.0296875 0.034375
5 0.6046875 0.30625 0.0265625 0.0296875
5 0.56796875 0.29375 0.0234375 0.0328125
5 0.53671875 0.28515625 0.021875 0.028125
5 0.85390625 0.4453125 0.028125 0.03125
5 0.79375 0.41484375 0.025 0.0359375
5 0.7375 0.39140625 0.021875 0.0328125
5 0.68984375 0.3671875 0.028125 0.0328125
5 0.64921875 0.35390625 0.0265625 0.028125
5 0.8375 0.4796875 0.0375 0.046875
5 0.696875 0.415625 0.0296875 0.0421875
5 0.64375 0.39609375 0.021875 0.03125
5 0.59140625 0.3734375 0.021875 0.0203125
5 0.55390625 0.35546875 0.021875 0.0265625
5 0.5171875 0.3375 0.01875 0.0265625
5 0.63515625 0.44453125 0.025 0.040625
5 0.82890625 0.54296875 0.0328125 0.05
5 0.6609375 0.51875 0.015625 0.0515625
5 0.53515625 0.25859375 0.021875 0.0265625
5 0.50625 0.2484375 0.0234375 0.0234375
5 0.51015625 0.2703125 0.0234375 0.0328125
5 0.484375 0.24375 0.0203125 0.021875
5 0.48359375 0.2640625 0.021875 0.0234375
5 0.45859375 0.25703125 0.021875 0.021875
5 0.434375 0.24296875 0.0203125 0.021875
5 0.459375 0.23515625 0.0171875 0.021875
5 0.4421875 0.23046875 0.0171875 0.01875
5 0.41875 0.21875 0.021875 0.0265625
5 0.3984375 0.2140625 0.021875 0.01875
5 0.3921875 0.228125 0.0171875 0.01875
5 0.3734375 0.21953125 0.0171875 0.021875
5 0.3546875 0.21328125 0.0171875 0.01875
5 0.36328125 0.20078125 0.0140625 0.0171875
5 0.33984375 0.2078125 0.0140625 0.015625
5 0.34296875 0.19296875 0.0125 0.01875
5 0.32890625 0.1875 0.0125 0.01875
5 0.31328125 0.1828125 0.0140625 0.0203125
5 0.32109375 0.203125 0.015625 0.01875
5 0.30703125 0.196875 0.015625 0.0171875
5 0.29296875 0.19296875 0.015625 0.015625
5 0.4796875 0.3234375 0.015625 0.021875
5 0.446875 0.31171875 0.0125 0.021875
5 0.42265625 0.290625 0.01875 0.021875
5 0.34765625 0.25703125 0.015625 0.0171875
5 0.328125 0.246875 0.015625 0.0203125
5 0.30390625 0.271875 0.0203125 0.01875
5 0.28515625 0.26328125 0.0140625 0.01875
5 0.2484375 0.2421875 0.01875 0.021875
5 0.2328125 0.2359375 0.0171875 0.021875
5 0.21875 0.23125 0.015625 0.0171875
5 0.1984375 0.25390625 0.0171875 0.01875
5 0.2375 0.3109375 0.0265625 0.028125
5 0.21953125 0.2984375 0.025 0.025
5 0.20234375 0.28984375 0.0234375 0.0296875
5 0.18515625 0.27890625 0.021875 0.025
5 0.16953125 0.26640625 0.0234375 0.0265625
5 0.15234375 0.259375 0.0140625 0.0234375
5 0.140625 0.25 0.0140625 0.0203125
5 0.128125 0.2421875 0.0140625 0.015625
5 0.2765625 0.33515625 0.0296875 0.03125
5 0.30546875 0.3515625 0.0265625 0.0265625
5 0.36328125 0.38828125 0.028125 0.0359375
5 0.3984375 0.415625 0.03125 0.040625
5 0.43828125 0.44140625 0.0359375 0.0484375
5 0.48671875 0.4734375 0.0328125 0.040625
5 0.49921875 0.3765625 0.021875 0.028125
5 0.46484375 0.35703125 0.01875 0.028125
5 0.4296875 0.340625 0.01875 0.0234375
5 0.371875 0.31015625 0.0171875 0.025
5 0.471875 0.41484375 0.01875 0.0328125
5 0.43671875 0.38515625 0.0265625 0.0296875
5 0.37578125 0.35390625 0.0171875 0.021875
5 0.3234375 0.3234375 0.01875 0.021875
5 0.303125 0.3078125 0.015625 0.021875
5 0.28046875 0.29453125 0.0171875 0.0234375
5 0.26171875 0.28671875 0.01875 0.0234375
5 0.32578125 0.371875 0.0234375 0.0234375
5 0.81484375 0.61953125 0.053125 0.0625
5 0.8703125 0.859375 0.0234375 0.0984375
5 0.72890625 0.62421875 0.0546875 0.05
5 0.65 0.58359375 0.0359375 0.0640625
5 0.68046875 0.7171875 0.0296875 0.0765625
5 0.68984375 0.921875 0.0828125 0.10625
5 0.59140625 0.8203125 0.05 0.1171875
5 0.58671875 0.546875 0.0359375 0.025
5 0.60703125 0.6421875 0.05 0.06875
5 0.53125 0.58515625 0.0375 0.0640625
5 0.5171875 0.9296875 0.090625 0.1390625
5 0.31640625 0.9515625 0.0859375 0.096875
5 0.27109375 0.88828125 0.0828125 0.1171875
5 0.22109375 0.8 0.075 0.134375
5 0.17734375 0.73203125 0.06875 0.0921875
5 0.15 0.675 0.025 0.08125
5 0.50234375 0.7265625 0.0625 0.084375
5 0.42890625 0.815625 0.078125 0.11875
5 0.35546875 0.74140625 0.0578125 0.0953125
5 0.309375 0.6671875 0.0484375 0.09375
5 0.26328125 0.61953125 0.046875 0.0890625
5 0.21953125 0.565625 0.0453125 0.071875
5 0.17890625 0.52734375 0.040625 0.0515625
5 0.1609375 0.4875 0.04375 0.05
5 0.14296875 0.4546875 0.0359375 0.034375
5 0.4453125 0.65703125 0.0453125 0.0640625
5 0.3796875 0.61015625 0.0578125 0.06875
5 0.34296875 0.565625 0.040625 0.0671875
5 0.30703125 0.5421875 0.0375 0.053125
5 0.2734375 0.49921875 0.03125 0.04375
5 0.23046875 0.4703125 0.025 0.03125
5 0.47109375 0.53828125 0.0453125 0.06875
5 0.4140625 0.515625 0.0390625 0.06875
5 0.38203125 0.47578125 0.0375 0.046875
5 0.34453125 0.45234375 0.0234375 0.0328125
5 0.3109375 0.41875 0.0359375 0.0359375
5 0.2875 0.40234375 0.028125 0.0515625
5 0.23984375 0.3625 0.03125 0.0421875
5 0.196875 0.33203125 0.0234375 0.03125
5 0.21484375 0.44375 0.0265625 0.0328125
5 0.190625 0.42421875 0.0265625 0.0421875
5 0.165625 0.40390625 0.0234375 0.0390625
5 0.14140625 0.3765625 0.0265625 0.03125
5 0.13046875 0.35625 0.0140625 0.04375
5 0.88828125 0.37109375 0.021875 0.0375
5 0.93828125 0.3484375 0.0265625 0.034375
5 0.98359375 0.32734375 0.0265625 0.03125
5 0.909375 0.39140625 0.034375 0.0359375
5 0.97109375 0.36953125 0.03125 0.0421875
5 0.89453125 0.44453125 0.028125 0.03125
5 0.953125 0.4125 0.025 0.0359375
5 0.9125 0.47890625 0.0375 0.046875
5 0.92265625 0.54140625 0.0328125 0.05
5 0.00078125 0.2453125 0.0015625 0.021875
5 0.0078125 0.2390625 0.015625 0.021875
5 0.021875 0.23515625 0.015625 0.0171875
5 0.0421875 0.25625 0.0171875 0.01875
5 0.01015625 0.3140625 0.0203125 0.028125
5 0.02265625 0.30234375 0.025 0.025
5 0.03984375 0.2921875 0.0234375 0.0296875
5 0.05703125 0.28125 0.021875 0.025
5 0.07265625 0.26875 0.0234375 0.0265625
5 0.08984375 0.26015625 0.0140625 0.0234375
5 0.1 0.25078125 0.0140625 0.0203125
5 0.1125 0.24296875 0.0140625 0.015625
5 0.93984375 0.6171875 0.053125 0.0625
5 0.8921875 0.85859375 0.0234375 0.0984375
5 0.99921875 0.61796875 0.0015625 0.0484375
5 0.0203125 0.89296875 0.028125 0.115625
5 0.04140625 0.80234375 0.0734375 0.134375
5 0.08046875 0.73359375 0.06875 0.0921875
5 0.10625 0.67578125 0.025 0.08125
5 0.00859375 0.6234375 0.0140625 0.0890625
5 0.03203125 0.56875 0.0453125 0.071875
5 0.07265625 0.5296875 0.040625 0.0515625
5 0.0890625 0.48828125 0.04375 0.05
5 0.10546875 0.45546875 0.0359375 0.034375
5 0.01796875 0.47421875 0.025 0.03125
5 0.01015625 0.36484375 0.0203125 0.0421875
5 0.046875 0.334375 0.0234375 0.03125
5 0.03359375 0.446875 0.0265625 0.0328125
5 0.05625 0.4265625 0.0265625 0.0421875
5 0.08125 0.40546875 0.0234375 0.0390625
5 0.10390625 0.37734375 0.0265625 0.03125
5 0.11484375 0.35703125 0.0140625 0.04375