5 0.1796875 0.0984375 0.0171875 0.015625
5 0.1703125 0.1234375 0.0125 0.0203125
5 0.1984375 0.1203125 0.0140625 0.01875
5 0.178125 0.1390625 0.0171875 0.01875
5 0.1984375 0.1640625 0.01875 0.0171875
5 0.2109375 0.18125 0.01875 0.021875
5 0.209375 0.128125 0.015625 0.0171875
5 0.2171875 0.1421875 0.015625 0.01875
5 0.2296875 0.1578125 0.0234375 0.0265625
5 0.2515625 0.140625 0.0171875 0.015625
5 0.2640625 0.153125 0.0171875 0.01875
5 0.2765625 0.1671875 0.0125 0.0140625
5 0.2875 0.1796875 0.0125 0.0140625
5 0.31875 0.2109375 0.0171875 0.0203125
5 0.334375 0.2265625 0.0171875 0.0234375
5 0.3515625 0.24375 0.0171875 0.01875
5 0.36875 0.265625 0.0171875 0.021875
5 0.2453125 0.1734375 0.0140625 0.01875
5 0.25625 0.1875 0.021875 0.0234375
5 0.2734375 0.20625 0.0234375 0.03125
5 0.2890625 0.225 0.021875 0.028125
5 0.24375 0.23125 0.01875 0.021875
5 0.275 0.2765625 0.028125 0.0328125
5 0.3234375 0.2609375 0.0265625 0.0265625
5 0.3453125 0.2859375 0.025 0.028125
5 0.3609375 0.209375 0.0171875 0.01875
5 0.34375 0.1921875 0.0140625 0.015625
5 0.41875 0.26875 0.0171875 0.021875
5 0.4703125 0.2703125 0.0171875 0.021875
5 0.3109375 0.1625 0.0171875 0.0171875
5 0.2984375 0.15 0.0140625 0.0140625
5 0.2859375 0.140625 0.015625 0.0140625
5 0.278125 0.1296875 0.0125 0.015625
5 0.40625 0.2109375 0.0140625 0.021875
5 0.4515625 0.225 0.0109375 0.015625
5 0.4359375 0.209375 0.0140625 0.0171875
5 0.415625 0.19375 0.0109375 0.0140625
5 0.440625 0.184375 0.0140625 0.021875
5 0.4546875 0.2015625 0.0140625 0.0203125
5 0.4640625 0.1875 0.0171875 0.0203125
5 0.403125 0.1796875 0.0125 0.0140625
5 0.421875 0.171875 0.0140625 0.0171875
5 0.434375 0.1625 0.0140625 0.01875
5 0.3890625 0.19375 0.0171875 0.01875
5 0.36875 0.178125 0.015625 0.0234375
5 0.3515625 0.1625 0.0140625 0.0171875
5 0.33125 0.18125 0.0109375 0.0140625
5 0.3359375 0.1515625 0.0140625 0.0125
5 0.3234375 0.140625 0.0109375 0.0140625
5 0.40625 0.159375 0.0140625 0.0171875
5 0.4109375 0.146875 0.0171875 0.0171875
5 0.39375 0.1515625 0.0171875 0.01875
5 0.378125 0.140625 0.0140625 0.0171875
5 0.390625 0.13125 0.0140625 0.01875
5 0.365625 0.13125 0.0140625 0.0171875
5 0.3765625 0.121875 0.015625 0.01875
5 0.353125 0.1203125 0.0140625 0.0171875
5 0.3640625 0.1125 0.0140625 0.0171875
5 0.334375 0.10625 0.0140625 0.0171875
5 0.35 0.103125 0.015625 0.015625
5 0.321875 0.0953125 0.0125 0.0171875
5 0.3109375 0.0859375 0.0125 0.0125
5 0.3109375 0.071875 0.0109375 0.0140625
5 0.3015625 0.08125 0.0125 0.015625
5 0.29375 0.075 0.0140625 0.015625
5 0.284375 0.0671875 0.0125 0.0140625
5 0.48125 0.1984375 0.015625 0.021875
5 0.490625 0.228125 0.015625 0.0234375
5 0.4984375 0.2140625 0.015625 0.025
5 0.5125 0.2484375 0.0203125 0.0234375
5 0.5171875 0.2296875 0.015625 0.0234375
5 0.49375 0.2578125 0.0140625 0.01875
5 0.5390625 0.2484375 0.0171875 0.021875
5 0.5359375 0.2671875 0.015625 0.0234375
5 0.5625 0.2609375 0.021875 0.0265625
5 0.5578125 0.2859375 0.0203125 0.0265625
5 0.5796875 0.30625 0.0203125 0.0265625
5 0.584375 0.2796875 0.0234375 0.0296875
5 0.609375 0.3265625 0.021875 0.0296875
5 0.6375 0.325 0.028125 0.028125
5 0.6421875 0.35 0.0265625 0.028125
5 0.671875 0.3453125 0.0265625 0.0296875
5 0.6734375 0.378125 0.028125 0.0328125
5 0.6734375 0.4125 0.0234375 0.028125
5 0.49375 0.2984375 0.0140625 0.01875
5 0.540625 0.3015625 0.0140625 0.0203125
5 0.5171875 0.321875 0.01875 0.021875
5 0.5515625 0.3484375 0.01875 0.025
5 0.584375 0.3796875 0.0203125 0.025
5 0.6171875 0.4109375 0.01875 0.025
5 0.6609375 0.453125 0.0234375 0.034375
5 0.4640625 0.3203125 0.0171875 0.025
5 0.4953125 0.35 0.01875 0.0296875
5 0.5265625 0.378125 0.021875 0.0328125
5 0.4140625 0.3125 0.0171875 0.0265625
5 0.4640625 0.3640625 0.025 0.0328125
5 0.390625 0.34375 0.0296875 0.0375
5 0.4203125 0.38125 0.0359375 0.0421875
5 0.453125 0.421875 0.0328125 0.0484375
5 0.49375 0.40625 0.0203125 0.034375
5 0.53125 0.434375 0.0265625 0.04375
5 0.153125 0.3 0.0234375 0.040625
5 0.1625 0.2078125 0.01875 0.03125
5 0.1734375 0.225 0.0234375 0.034375
5 0.1828125 0.253125 0.0265625 0.0265625
5 0.2015625 0.284375 0.0265625 0.0328125
5 0.21875 0.315625 0.0265625 0.0375
5 0.2390625 0.34375 0.028125 0.0234375
5 0.28125 0.41875 0.028125 0.034375
5 0.3078125 0.4703125 0.040625 0.0390625
5 0.334375 0.50625 0.0390625 0.0609375
5 0.1625 0.3296875 0.0359375 0.034375
5 0.1734375 0.3625 0.0484375 0.04375
5 0.1859375 0.4109375 0.04375 0.046875
5 0.2484375 0.3765625 0.028125 0.021875
5 0.21875 0.4625 0.05 0.0609375
5 0.246875 0.5296875 0.0515625 0.078125
5 0.2984375 0.3 0.01875 0.028125
5 0.315625 0.33125 0.034375 0.0453125
5 0.3359375 0.359375 0.0359375 0.0328125
5 0.3640625 0.3984375 0.0328125 0.0328125
5 0.39375 0.4359375 0.0375 0.0453125
5 0.4234375 0.4703125 0.04375 0.04375
5 0.3609375 0.3109375 0.0265625 0.01875
5 0.4390625 0.340625 0.015625 0.0234375
5 0.446875 0.253125 0.0171875 0.01875
5 0.28125 0.5890625 0.053125 0.0890625
5 0.3109375 0.6796875 0.0671875 0.0984375
5 0.3640625 0.7734375 0.06875 0.121875
5 0.453125 0.7171875 0.059375 0.0875
5 0.1515625 0.609375 0.0515625 0.0875
5 0.171875 0.6875 0.078125 0.121875
5 0.2 0.79375 0.0859375 0.10625
5 0.134375 0.5203125 0.01875 0.0765625
5 0.225 0.8921875 0.0875 0.11875
5 0.425 0.91875 0.0890625 0.14375
5 0.471875 0.534375 0.0265625 0.0578125
5 0.5140625 0.5953125 0.040625 0.0578125
5 0.49375 0.4671875 0.0375 0.0390625
5 0.534375 0.5125 0.0421875 0.0546875
5 0.5609375 0.41875 0.021875 0.034375
5 0.5953125 0.4515625 0.0140625 0.0265625
5 0.5703125 0.4890625 0.028125 0.040625
5 0.575 0.565625 0.0328125 0.0546875
5 0.6109375 0.5265625 0.0234375 0.0328125
5 0.6390625 0.4921875 0.03125 0.0421875
5 0.828125 0.465625 0.0265625 0.0359375
5 0.8671875 0.50625 0.0140625 0.0421875
5 0.8484375 0.51875 0.0328125 0.0359375
5 0.7921875 0.490625 0.0296875 0.021875
5 0.753125 0.4875 0.021875 0.01875
5 0.7078125 0.4984375 0.03125 0.0359375
5 0.6890625 0.54375 0.028125 0.040625
5 0.6609375 0.5765625 0.03125 0.0515625
5 0.8015625 0.521875 0.0234375 0.028125
5 0.7640625 0.55 0.0296875 0.0375
5 0.85625 0.5734375 0.025 0.0359375
5 0.8296875 0.6046875 0.0359375 0.05625
5 0.8078125 0.6703125 0.03125 0.05625
5 0.746875 0.5984375 0.03125 0.0484375
5 0.71875 0.6453125 0.0375 0.05625
5 0.69375 0.7171875 0.0484375 0.084375
5 0.7765625 0.7296875 0.0484375 0.065625
5 0.7625 0.80625 0.0484375 0.078125
5 0.6359375 0.79375 0.05 0.06875
5 0.515625 0.8328125 0.0421875 0.0890625
5 0.71875 0.8796875 0.065625 0.11875
5 0.7984375 0.9671875 0.0546875 0.0640625
5 0.590625 0.98828125 0.071875 0.0234375
5 0.0703125 0.0984375 0.0171875 0.015625
5 0.0796875 0.1234375 0.0125 0.0203125
5 0.0515625 0.1203125 0.0140625 0.01875
5 0.071875 0.1390625 0.0171875 0.01875
5 0.0515625 0.1640625 0.01875 0.0171875
5 0.0390625 0.18125 0.01875 0.021875
5 0.040625 0.128125 0.015625 0.0171875
5 0.0328125 0.1421875 0.015625 0.01875
5 0.0203125 0.1578125 0.0234375 0.0265625
5 0.003125 0.140625 0.00625 0.015625
5 0.00546875 0.1734375 0.0109375 0.01875
5 0.00234375 0.18671875 0.0046875 0.0234375
5 0.0078125 0.23125 0.015625 0.021875
5 0.096875 0.3 0.0234375 0.040625
5 0.0875 0.2078125 0.01875 0.03125
5 0.0765625 0.225 0.0234375 0.034375
5 0.0671875 0.253125 0.0265625 0.0265625
5 0.0484375 0.284375 0.0265625 0.0328125
5 0.03125 0.315625 0.0265625 0.0375
5 0.0125 0.34296875 0.025 0.0234375
5 0.0875 0.3296875 0.0359375 0.034375
5 0.0765625 0.3625 0.0484375 0.04375
5 0.0640625 0.4109375 0.04375 0.046875
5 0.0078125 0.3765625 0.015625 0.021875
5 0.03125 0.4625 0.05 0.0609375
5 0.0140625 0.5296875 0.028125 0.078125
5 0.0984375 0.609375 0.0515625 0.0875
5 0.078125 0.6875 0.078125 0.121875
5 0.05 0.79375 0.0859375 0.10625
5 0.115625 0.5203125 0.01875 0.0765625
5 0.034375 0.8921875 0.06875 0.11875
5 0.921875 0.465625 0.0265625 0.0359375
5 0.8828125 0.50625 0.0140625 0.0421875
5 0.9015625 0.51875 0.0328125 0.0359375
5 0.9578125 0.490625 0.0296875 0.021875
5 0.99296875 0.4875 0.0140625 0.01875
5 0.9484375 0.521875 0.0234375 0.028125
5 0.98515625 0.55 0.0296875 0.0375
5 0.89375 0.5734375 0.025 0.0359375
5 0.9203125 0.6046875 0.0359375 0.05625
5 0.9421875 0.6703125 0.03125 0.05625
5 0.99375 0.59765625 0.0125 0.0484375
5 0.9734375 0.7296875 0.0484375 0.065625
5 0.98125 0.80625 0.0375 0.078125
5 0.99921875 0.8796875 0.0015625 0.11875
5 0.9515625 0.9671875 0.0546875 0.0640625