5 0.31015625 0.90859375 0.0828125 0.1109375
5 0.48125 0.93203125 0.090625 0.1359375
5 0.68046875 0.95234375 0.078125 0.0796875
5 0.73203125 0.89921875 0.0796875 0.1140625
5 0.78671875 0.83203125 0.065625 0.096875
5 0.82734375 0.74453125 0.0640625 0.0890625
5 0.84921875 0.68359375 0.034375 0.078125
5 0.57421875 0.815625 0.08125 0.11875
5 0.40703125 0.81640625 0.0578125 0.10625
5 0.86328125 0.621875 0.0265625 0.0578125
5 0.49765625 0.73046875 0.0703125 0.084375
5 0.55390625 0.66171875 0.0453125 0.0734375
5 0.7015625 0.65078125 0.0296875 0.05
5 0.73671875 0.6265625 0.0453125 0.0828125
5 0.7765625 0.578125 0.05 0.071875
5 0.8203125 0.54453125 0.0390625 0.0546875
5 0.84296875 0.50234375 0.04375 0.04375
5 0.85859375 0.4765625 0.0328125 0.0421875
5 0.6984375 0.55234375 0.0296875 0.05
5 0.72734375 0.51015625 0.028125 0.0390625
5 0.76796875 0.484375 0.0234375 0.034375
5 0.7859375 0.45703125 0.028125 0.0390625
5 0.80625 0.43515625 0.0265625 0.05
5 0.83046875 0.41875 0.0234375 0.040625
5 0.85625 0.3953125 0.0296875 0.034375
5 0.2140625 0.7796875 0.075 0.1140625
5 0.3078125 0.71015625 0.0609375 0.0859375
5 0.39453125 0.63515625 0.05625 0.071875
5 0.46875 0.5875 0.0453125 0.0625
5 0.52734375 0.5484375 0.0453125 0.0671875
5 0.57421875 0.51328125 0.0390625 0.0375
5 0.65078125 0.45625 0.028125 0.0375
5 0.6890625 0.43515625 0.034375 0.0484375
5 0.71171875 0.4140625 0.0296875 0.05
5 0.7609375 0.375 0.0265625 0.0390625
5 0.8015625 0.346875 0.021875 0.03125
5 0.8453125 0.31328125 0.01875 0.028125
5 0.8578125 0.3046875 0.015625 0.021875
5 0.63984375 0.3953125 0.0234375 0.040625
5 0.6703125 0.3796875 0.0234375 0.0234375
5 0.69453125 0.36171875 0.028125 0.0328125
5 0.721875 0.34609375 0.0265625 0.0296875
5 0.76171875 0.321875 0.0265625 0.028125
5 0.7796875 0.31171875 0.021875 0.0328125
5 0.79921875 0.303125 0.0203125 0.0296875
5 0.81640625 0.2921875 0.0171875 0.028125
5 0.83125 0.28203125 0.021875 0.0265625
5 0.84609375 0.2734375 0.015625 0.021875
5 0.85703125 0.2640625 0.015625 0.01875
5 0.84765625 0.240625 0.0109375 0.0140625
5 0.85703125 0.2359375 0.009375 0.0140625
5 0.8140625 0.25859375 0.0171875 0.01875
5 0.79921875 0.2671875 0.01875 0.0203125
5 0.78359375 0.27421875 0.0140625 0.01875
5 0.7703125 0.2828125 0.0140625 0.01875
5 0.73515625 0.2984375 0.0140625 0.021875
5 0.73515625 0.390625 0.0234375 0.034375
5 0.67421875 0.3296875 0.01875 0.0234375
5 0.6984375 0.315625 0.0203125 0.0234375
5 0.71640625 0.30546875 0.01875 0.025
5 0.56953125 0.33984375 0.0203125 0.0203125
5 0.628125 0.31328125 0.01875 0.0265625
5 0.6953125 0.28046875 0.015625 0.021875
5 0.71484375 0.27109375 0.015625 0.01875
5 0.7484375 0.25546875 0.0203125 0.0203125
5 0.73046875 0.265625 0.0140625 0.0171875
5 0.7671875 0.2484375 0.015625 0.0171875
5 0.78203125 0.24609375 0.0140625 0.0140625
5 0.78984375 0.2375 0.0140625 0.015625
5 0.81875 0.2265625 0.0109375 0.0125
5 0.8390625 0.21796875 0.0109375 0.0140625
5 0.6484375 0.2640625 0.01875 0.0234375
5 0.603125 0.28671875 0.01875 0.01875
5 0.575 0.29453125 0.0171875 0.025
5 0.54765625 0.3078125 0.0171875 0.0234375
5 0.5203125 0.321875 0.0234375 0.025
5 0.6703125 0.25625 0.0140625 0.0140625
5 0.69296875 0.24765625 0.015625 0.021875
5 0.71171875 0.24140625 0.0140625 0.01875
5 0.72890625 0.234375 0.0125 0.0140625
5 0.7453125 0.22890625 0.0125 0.0140625
5 0.7578125 0.225 0.0125 0.0171875
5 0.77109375 0.21640625 0.0140625 0.01875
5 0.78515625 0.2125 0.0140625 0.01875
5 0.79609375 0.2078125 0.0109375 0.0125
5 0.80703125 0.20703125 0.0109375 0.0140625
5 0.82109375 0.2015625 0.0125 0.0140625
5 0.8296875 0.19765625 0.0109375 0.0140625
5 0.80859375 0.18515625 0.0078125 0.0125
5 0.79765625 0.18515625 0.0109375 0.0109375
5 0.7890625 0.190625 0.0109375 0.0125
5 0.778125 0.19453125 0.009375 0.009375
5 0.7671875 0.196875 0.0109375 0.0125
5 0.696875 0.221875 0.0109375 0.0125
5 0.6796875 0.22734375 0.009375 0.0125
5 0.66171875 0.23515625 0.0140625 0.0109375
5 0.64453125 0.2421875 0.0140625 0.015625
5 0.62265625 0.24921875 0.0171875 0.01875
5 0.6046875 0.23359375 0.0140625 0.0203125
5 0.6234375 0.22421875 0.01875 0.0203125
5 0.64375 0.2203125 0.0171875 0.01875
5 0.63359375 0.20703125 0.015625 0.01875
5 0.65859375 0.21484375 0.015625 0.0171875
5 0.67421875 0.2109375 0.0171875 0.0203125
5 0.69140625 0.20859375 0.015625 0.015625
5 0.70625 0.2015625 0.015625 0.0171875
5 0.1828125 0.6859375 0.05625 0.071875
5 0.2703125 0.625 0.053125 0.0796875
5 0.34609375 0.5734375 0.040625 0.0625
5 0.4125 0.5296875 0.0359375 0.0421875
5 0.465625 0.4984375 0.0453125 0.053125
5 0.509375 0.47421875 0.0265625 0.04375
5 0.1828125 0.60234375 0.0546875 0.0640625
5 0.25859375 0.5484375 0.0453125 0.0546875
5 0.33125 0.50859375 0.03125 0.046875
5 0.38671875 0.484375 0.025 0.040625
5 0.43671875 0.459375 0.03125 0.0390625
5 0.48359375 0.42578125 0.0265625 0.04375
5 0.5 0.375 0.025 0.03125
5 0.45859375 0.39609375 0.025 0.0296875
5 0.415625 0.41640625 0.0203125 0.0328125
5 0.365625 0.43671875 0.034375 0.0421875
5 0.30859375 0.46328125 0.0296875 0.0375
5 0.24296875 0.49140625 0.0375 0.05
5 0.16875 0.5328125 0.034375 0.053125
5 0.16015625 0.46328125 0.0375 0.046875
5 0.23359375 0.4390625 0.0359375 0.0375
5 0.3015625 0.40859375 0.0328125 0.0421875
5 0.3546875 0.3890625 0.021875 0.028125
5 0.40703125 0.3671875 0.0171875 0.0234375
5 0.44375 0.353125 0.025 0.0296875
5 0.48046875 0.33671875 0.0203125 0.025
5 0.14375 0.4265625 0.028125 0.0375
5 0.20546875 0.3984375 0.028125 0.0375
5 0.2609375 0.38125 0.021875 0.0359375
5 0.3078125 0.35859375 0.028125 0.0375
5 0.35078125 0.346875 0.028125 0.0296875
5 0.16171875 0.378125 0.0375 0.0390625
5 0.14375 0.3546875 0.0234375 0.040625
5 0.2234375 0.3515625 0.03125 0.040625
5 0.1921875 0.3328125 0.03125 0.0359375
5 0.24140625 0.31953125 0.0328125 0.034375
5 0.27265625 0.34140625 0.0328125 0.0421875
5 0.2859375 0.303125 0.03125 0.034375
5 0.3203125 0.325 0.03125 0.040625
5 0.35703125 0.31328125 0.03125 0.0375
5 0.39453125 0.30234375 0.0265625 0.028125
5 0.36484375 0.28515625 0.025 0.0296875
5 0.39921875 0.275 0.021875 0.028125
5 0.43125 0.2921875 0.0234375 0.03125
5 0.46328125 0.2828125 0.0203125 0.034375
5 0.4625 0.2546875 0.0234375 0.025
5 0.48828125 0.2703125 0.0234375 0.0375
5 0.59921875 0.21640625 0.01875 0.021875
5 0.58046875 0.2203125 0.01875 0.025
5 0.5609375 0.22890625 0.0203125 0.021875
5 0.5390625 0.23359375 0.0203125 0.028125
5 0.51328125 0.24296875 0.0234375 0.0234375
5 0.49140625 0.2453125 0.021875 0.025
5 0.5140625 0.26640625 0.01875 0.0296875
5 0.540625 0.25546875 0.021875 0.0265625
5 0.56328125 0.24765625 0.0171875 0.0234375
5 0.3265625 0.29140625 0.0234375 0.0265625
5 0.9828125 0.821875 0.034375 0.096875
5 0.94921875 0.7375 0.0640625 0.0890625
5 0.92109375 0.6796875 0.034375 0.078125
5 0.90078125 0.61953125 0.0265625 0.0578125
5 0.978125 0.56640625 0.04375 0.0703125
5 0.93515625 0.53828125 0.0390625 0.0546875
5 0.90859375 0.49921875 0.04375 0.04375
5 0.88984375 0.475 0.0328125 0.0421875
5 0.98046875 0.4734375 0.0234375 0.034375
5 0.96015625 0.44765625 0.028125 0.0390625
5 0.9375 0.42890625 0.0265625 0.05
5 0.91171875 0.4140625 0.0234375 0.040625
5 0.884375 0.39375 0.0296875 0.034375
5 0.0640625 0.7875 0.075 0.1140625
5 0.9765625 0.3640625 0.0265625 0.0390625
5 0.9328125 0.33984375 0.021875 0.03125
5 0.8859375 0.3109375 0.01875 0.028125
5 0.8734375 0.30390625 0.015625 0.021875
5 0.9703125 0.3109375 0.0265625 0.028125
5 0.9515625 0.30234375 0.021875 0.0328125
5 0.93046875 0.29609375 0.0203125 0.0296875
5 0.9125 0.2875 0.0171875 0.028125
5 0.896875 0.27890625 0.021875 0.0265625
5 0.88046875 0.271875 0.015625 0.021875
5 0.86953125 0.26328125 0.015625 0.01875
5 0.87578125 0.2390625 0.0109375 0.0140625
5 0.86640625 0.23515625 0.009375 0.0140625
5 0.9109375 0.253125 0.0171875 0.01875
5 0.92734375 0.26015625 0.01875 0.0203125
5 0.94296875 0.265625 0.0140625 0.01875
5 0.9578125 0.27265625 0.0140625 0.01875
5 0.98828125 0.28515625 0.003125 0.021875
5 0.99375 0.3765625 0.003125 0.0328125
5 0.9765625 0.24375 0.0203125 0.0203125
5 0.95703125 0.23828125 0.015625 0.0171875
5 0.94140625 0.2375 0.0140625 0.0140625
5 0.93359375 0.2296875 0.0140625 0.015625
5 0.903125 0.22265625 0.0109375 0.0125
5 0.8828125 0.215625 0.0109375 0.0140625
5 0.9765625 0.2171875 0.0125 0.0140625
5 0.9640625 0.2140625 0.0125 0.0171875
5 0.94921875 0.20703125 0.0140625 0.01875
5 0.93515625 0.2046875 0.0140625 0.01875
5 0.92421875 0.20078125 0.0109375 0.0125
5 0.91328125 0.2015625 0.0109375 0.0140625
5 0.8984375 0.19765625 0.0125 0.0140625
5 0.8890625 0.19453125 0.0109375 0.0140625
5 0.90859375 0.1796875 0.0078125 0.0125
5 0.91953125 0.17890625 0.0109375 0.0109375
5 0.9296875 0.18359375 0.0109375 0.0125
5 0.940625 0.1859375 0.009375 0.009375
5 0.9515625 0.18671875 0.0109375 0.0125
5 0.0859375 0.690625 0.05625 0.071875
5 0.01171875 0.6375 0.015625 0.0765625
5 0.07734375 0.60859375 0.0546875 0.0640625
5 0.01015625 0.56171875 0.01875 0.053125
5 0.01171875 0.503125 0.0234375 0.05
5 0.084375 0.5375 0.034375 0.053125
5 0.08515625 0.4671875 0.0375 0.046875
5 0.01328125 0.45 0.0265625 0.0375
5 0.09765625 0.42890625 0.028125 0.0375
5 0.03359375 0.40703125 0.028125 0.0375
5 0.07421875 0.3828125 0.0375 0.0390625
5 0.090625 0.35703125 0.0234375 0.040625
5 0.01328125 0.3625 0.0265625 0.040625
5 0.03984375 0.34140625 0.03125 0.0359375
5 0.00234375 0.33046875 0.0046875 0.0328125