5 0.62890625 0.96953125 0.0765625 0.0609375
5 0.68125 0.9265625 0.078125 0.11875
5 0.7390625 0.8359375 0.0671875 0.1265625
5 0.7859375 0.771875 0.06875 0.103125
5 0.83125 0.6875 0.059375 0.140625
5 0.4359375 0.940625 0.0875 0.1171875
5 0.5359375 0.8375 0.071875 0.125
5 0.609375 0.7671875 0.059375 0.0984375
5 0.659375 0.6984375 0.04375 0.0921875
5 0.7078125 0.6484375 0.0453125 0.08125
5 0.7515625 0.60625 0.05 0.05625
5 0.3765625 0.821875 0.0390625 0.1046875
5 0.4640625 0.746875 0.0671875 0.090625
5 0.5265625 0.678125 0.0453125 0.0765625
5 0.590625 0.6359375 0.0578125 0.0765625
5 0.6328125 0.59375 0.0375 0.06875
5 0.66875 0.5765625 0.0421875 0.0546875
5 0.70625 0.53125 0.03125 0.0359375
5 0.175 0.79375 0.0703125 0.1015625
5 0.275 0.715625 0.0578125 0.06875
5 0.3671875 0.6515625 0.053125 0.06875
5 0.4453125 0.603125 0.0375 0.0578125
5 0.50625 0.5640625 0.0453125 0.0671875
5 0.559375 0.525 0.040625 0.0671875
5 0.603125 0.4984375 0.0359375 0.0484375
5 0.6375 0.475 0.0203125 0.0328125
5 0.6734375 0.453125 0.0328125 0.0390625
5 0.7015625 0.4359375 0.0265625 0.0546875
5 0.75 0.396875 0.028125 0.0359375
5 0.240625 0.6296875 0.05 0.0734375
5 0.3109375 0.5984375 0.04375 0.0546875
5 0.1578125 0.6125 0.05625 0.0578125
5 0.2359375 0.559375 0.04375 0.0515625
5 0.30625 0.51875 0.03125 0.0390625
5 0.1453125 0.5390625 0.034375 0.046875
5 0.2234375 0.5 0.0359375 0.05
5 0.29375 0.471875 0.025 0.0390625
5 0.14375 0.465625 0.0390625 0.046875
5 0.21875 0.44375 0.0328125 0.0390625
5 0.2890625 0.4140625 0.034375 0.0453125
5 0.34375 0.396875 0.025 0.0359375
5 0.403125 0.4265625 0.028125 0.028125
5 0.4484375 0.40625 0.0296875 0.0375
5 0.4875 0.3859375 0.0234375 0.0296875
5 0.4546875 0.5140625 0.0375 0.053125
5 0.496875 0.4890625 0.0359375 0.0484375
5 0.55 0.4625 0.03125 0.0484375
5 0.471875 0.4390625 0.034375 0.0453125
5 0.5140625 0.4265625 0.0265625 0.0390625
5 0.55625 0.4 0.028125 0.0359375
5 0.5859375 0.4359375 0.034375 0.0421875
5 0.6265625 0.415625 0.0296875 0.04375
5 0.1484375 0.38125 0.034375 0.0390625
5 0.1921875 0.403125 0.0234375 0.03125
5 0.184375 0.3375 0.028125 0.0359375
5 0.2125 0.3609375 0.0328125 0.0390625
5 0.234375 0.3234375 0.0328125 0.0390625
5 0.2640625 0.3484375 0.0359375 0.0515625
5 0.2515625 0.3875 0.021875 0.03125
5 0.2984375 0.3671875 0.028125 0.0359375
5 0.28125 0.30625 0.03125 0.0390625
5 0.3125 0.328125 0.0359375 0.046875
5 0.34375 0.3515625 0.021875 0.0296875
5 0.4390625 0.3609375 0.025 0.03125
5 0.3546875 0.3140625 0.0296875 0.040625
5 0.3890625 0.3109375 0.0265625 0.040625
5 0.4265625 0.3 0.03125 0.0328125
5 0.3984375 0.2828125 0.028125 0.0296875
5 0.459375 0.296875 0.0265625 0.028125
5 0.7125 0.3671875 0.0296875 0.03125
5 0.6859375 0.38125 0.021875 0.0265625
5 0.98828125 0.83515625 0.0234375 0.1265625
5 0.9640625 0.771875 0.06875 0.103125
5 0.91875 0.6875 0.059375 0.140625
5 0.98671875 0.60625 0.0265625 0.05625
5 0.075 0.79375 0.0703125 0.1015625
5 0.0015625 0.715625 0.003125 0.06875
5 0.99296875 0.39609375 0.0140625 0.0359375
5 0.0171875 0.62890625 0.034375 0.0734375
5 0.0921875 0.6125 0.05625 0.0578125
5 0.01796875 0.55859375 0.0359375 0.0515625
5 0.1046875 0.5390625 0.034375 0.046875
5 0.0265625 0.5 0.0359375 0.05
5 0.10625 0.465625 0.0390625 0.046875
5 0.03125 0.44375 0.0328125 0.0390625
5 0.1015625 0.38125 0.034375 0.0390625
5 0.0578125 0.403125 0.0234375 0.03125
5 0.065625 0.3375 0.028125 0.0359375
5 0.0375 0.3609375 0.0328125 0.0390625
5 0.015625 0.32265625 0.03125 0.0390625
5 0.0015625 0.34765625 0.003125 0.0515625
5 0.0046875 0.3875 0.009375 0.03125