5 0.3796875 0.9703125 0.078125 0.059375
5 0.3265625 0.9296875 0.0796875 0.1203125
5 0.2671875 0.83984375 0.06875 0.128125
5 0.21875 0.7765625 0.0703125 0.1046875
5 0.171875 0.69296875 0.0625 0.1421875
5 0.571875 0.9390625 0.0890625 0.11875
5 0.4703125 0.83828125 0.0734375 0.1265625
5 0.3953125 0.76875 0.0609375 0.1
5 0.34375 0.7015625 0.0453125 0.0921875
5 0.29453125 0.65234375 0.046875 0.08125
5 0.25 0.6109375 0.0515625 0.0578125
5 0.62890625 0.81953125 0.040625 0.1046875
5 0.540625 0.74609375 0.06875 0.0921875
5 0.4765625 0.67890625 0.046875 0.0765625
5 0.41171875 0.6375 0.059375 0.078125
5 0.36875 0.59609375 0.0390625 0.06875
5 0.3328125 0.5796875 0.04375 0.0546875
5 0.29453125 0.53515625 0.03125 0.0359375
5 0.8296875 0.78828125 0.071875 0.103125
5 0.72890625 0.71171875 0.059375 0.0703125
5 0.63515625 0.64921875 0.0546875 0.0703125
5 0.55625 0.60234375 0.0390625 0.0578125
5 0.49453125 0.5640625 0.046875 0.0671875
5 0.44140625 0.52578125 0.0421875 0.0671875
5 0.396875 0.5 0.0375 0.0484375
5 0.36171875 0.47734375 0.0203125 0.0328125
5 0.32578125 0.45625 0.0328125 0.0390625
5 0.29765625 0.43984375 0.028125 0.0546875
5 0.2484375 0.4015625 0.028125 0.0359375
5 0.76171875 0.625 0.0515625 0.075
5 0.690625 0.5953125 0.0453125 0.0546875
5 0.84375 0.60625 0.0578125 0.059375
5 0.76484375 0.5546875 0.0453125 0.0515625
5 0.69375 0.515625 0.03125 0.0390625
5 0.85546875 0.5328125 0.0359375 0.046875
5 0.7765625 0.4953125 0.0375 0.05
5 0.70546875 0.46796875 0.025 0.0390625
5 0.85546875 0.459375 0.040625 0.046875
5 0.78046875 0.4390625 0.0328125 0.0390625
5 0.709375 0.41015625 0.0359375 0.0453125
5 0.6546875 0.39453125 0.025 0.0359375
5 0.5953125 0.425 0.028125 0.028125
5 0.55 0.40546875 0.0296875 0.0375
5 0.51015625 0.3859375 0.0234375 0.0296875
5 0.5453125 0.51328125 0.0390625 0.053125
5 0.503125 0.4890625 0.0375 0.0484375
5 0.44921875 0.46328125 0.0328125 0.0484375
5 0.52734375 0.43828125 0.0359375 0.0453125
5 0.484375 0.4265625 0.0265625 0.0390625
5 0.4421875 0.40078125 0.028125 0.0359375
5 0.41328125 0.4375 0.034375 0.0421875
5 0.371875 0.41796875 0.0296875 0.04375
5 0.84921875 0.375 0.034375 0.0390625
5 0.80625 0.39765625 0.0234375 0.03125
5 0.8125 0.33203125 0.028125 0.0359375
5 0.78515625 0.35625 0.0328125 0.0390625
5 0.7625 0.31875 0.0328125 0.0390625
5 0.73359375 0.34453125 0.0375 0.0515625
5 0.74609375 0.3828125 0.021875 0.03125
5 0.69921875 0.3640625 0.028125 0.0359375
5 0.715625 0.30234375 0.03125 0.0390625
5 0.684375 0.325 0.0375 0.046875
5 0.65390625 0.34921875 0.021875 0.0296875
5 0.55859375 0.36015625 0.025 0.03125
5 0.6421875 0.31171875 0.0296875 0.040625
5 0.6078125 0.309375 0.0265625 0.040625
5 0.5703125 0.2984375 0.03125 0.0328125
5 0.59765625 0.28125 0.028125 0.0296875
5 0.53671875 0.29609375 0.0265625 0.028125
5 0.28515625 0.37109375 0.0296875 0.03125
5 0.31171875 0.384375 0.021875 0.0265625
5 0.01796875 0.84375 0.025 0.1265625
5 0.040625 0.7796875 0.0703125 0.1046875
5 0.084375 0.69453125 0.0625 0.1421875
5 0.01484375 0.61484375 0.028125 0.05625
5 0.9296875 0.7859375 0.071875 0.103125
5 0.00625 0.40390625 0.0125 0.0359375
5 0.98359375 0.61953125 0.0328125 0.0734375
5 0.909375 0.60546875 0.0578125 0.059375
5 0.98203125 0.54921875 0.0359375 0.0515625
5 0.89609375 0.53203125 0.0359375 0.046875
5 0.9734375 0.49140625 0.0375 0.05
5 0.89296875 0.45859375 0.040625 0.046875
5 0.96796875 0.4359375 0.0328125 0.0390625
5 0.89609375 0.37421875 0.034375 0.0390625
5 0.940625 0.3953125 0.0234375 0.03125
5 0.93125 0.3296875 0.028125 0.0359375
5 0.96015625 0.353125 0.0328125 0.0390625
5 0.98125 0.3140625 0.03125 0.0390625
5 0.9953125 0.3390625 0.0046875 0.0515625
5 0.99296875 0.37890625 0.009375 0.03125