5 0.603125 0.14140625 0.0359375 0.0359375
5 0.56796875 0.11484375 0.0390625 0.040625
5 0.5375 0.0890625 0.025 0.0328125
5 0.50703125 0.06484375 0.028125 0.0390625
5 0.48046875 0.0421875 0.0265625 0.0328125
5 0.684375 0.209375 0.040625 0.0421875
5 0.56640625 0.16640625 0.0390625 0.0421875
5 0.53203125 0.12890625 0.03125 0.040625
5 0.49609375 0.0953125 0.034375 0.040625
5 0.465625 0.075 0.0359375 0.0390625
5 0.4390625 0.05234375 0.03125 0.0328125
5 0.4140625 0.03671875 0.0328125 0.034375
5 0.35703125 0.034375 0.034375 0.03125
5 0.3765625 0.0578125 0.0390625 0.0359375
5 0.4390625 0.10390625 0.0421875 0.0453125
5 0.45703125 0.13515625 0.0375 0.05
5 0.48671875 0.1703125 0.0453125 0.05
5 0.52109375 0.2046875 0.046875 0.0640625
5 0.565625 0.24453125 0.0484375 0.0578125
5 0.61328125 0.284375 0.0515625 0.0640625
5 0.7140625 0.29453125 0.059375 0.075
5 0.66484375 0.25 0.0484375 0.059375
5 0.74140625 0.2515625 0.04375 0.0546875
5 0.3953125 0.01796875 0.028125 0.0234375
5 0.4515625 0.215625 0.046875 0.0640625
5 0.41953125 0.17265625 0.0359375 0.05625
5 0.38671875 0.13984375 0.0421875 0.05625
5 0.3671875 0.10703125 0.040625 0.0484375
5 0.33671875 0.0875 0.0359375 0.0546875
5 0.31875 0.0578125 0.0359375 0.0484375
5 0.303125 0.0421875 0.0359375 0.0421875
5 0.3359375 0.18046875 0.053125 0.0515625
5 0.3125 0.15234375 0.046875 0.040625
5 0.29296875 0.12578125 0.05 0.0484375
5 0.27265625 0.10390625 0.040625 0.040625
5 0.25859375 0.07265625 0.0421875 0.0421875
5 0.24609375 0.05 0.0375 0.03125
5 0.19453125 0.0703125 0.0359375 0.0359375
5 0.21171875 0.09375 0.0359375 0.0359375
5 0.22265625 0.12265625 0.0390625 0.0421875
5 0.240625 0.14921875 0.0359375 0.0421875
5 0.25625 0.1859375 0.0421875 0.0546875
5 0.28046875 0.22734375 0.0640625 0.0765625
5 0.29609375 0.265625 0.0421875 0.059375
5 0.21171875 0.36171875 0.0609375 0.0796875
5 0.1875 0.2984375 0.071875 0.0703125
5 0.18203125 0.2375 0.04375 0.0421875
5 0.15625 0.19140625 0.0515625 0.0515625
5 0.15 0.15546875 0.0390625 0.0390625
5 0.1453125 0.1234375 0.0234375 0.0375
5 0.30703125 0.31796875 0.0359375 0.06875
5 0.35234375 0.3890625 0.065625 0.090625
5 0.23515625 0.43203125 0.0671875 0.08125
5 0.13359375 0.43828125 0.0375 0.0765625
5 0.14453125 0.5203125 0.0453125 0.103125
5 0.16171875 0.653125 0.059375 0.1140625
5 0.19296875 0.7890625 0.1015625 0.18125
5 0.36328125 0.82109375 0.11875 0.1828125
5 0.44375 0.96328125 0.084375 0.0734375
5 0.30703125 0.640625 0.10625 0.153125
5 0.265625 0.525 0.084375 0.109375
5 0.8078125 0.30390625 0.0515625 0.0546875
5 0.6703125 0.35 0.06875 0.075
5 0.5859375 0.36875 0.05625 0.0875
5 0.5328125 0.30546875 0.059375 0.06875
5 0.5140625 0.4421875 0.0671875 0.0875
5 0.77578125 0.35703125 0.06875 0.0921875
5 0.72578125 0.4125 0.059375 0.1
5 0.80703125 0.4921875 0.0734375 0.09375
5 0.85078125 0.4203125 0.04375 0.0703125
5 0.73671875 0.5515625 0.090625 0.1546875
5 0.65078125 0.44609375 0.08125 0.128125
5 0.58203125 0.55703125 0.0765625 0.109375
5 0.43359375 0.53125 0.090625 0.11875
5 0.503125 0.6578125 0.0609375 0.10625
5 0.66015625 0.66328125 0.065625 0.103125
5 0.7578125 0.84296875 0.1046875 0.19375
5 0.65078125 0.93515625 0.10625 0.1140625
5 0.56328125 0.8078125 0.084375 0.103125
5 0.39453125 0.45625 0.06875 0.078125
5 0.978125 0.27109375 0.0140625 0.0703125
5 0.9625 0.23125 0.0359375 0.0546875
5 0.021875 0.37890625 0.04375 0.0796875
5 0.03046875 0.31171875 0.0609375 0.0703125
5 0.02109375 0.25078125 0.0421875 0.0421875
5 0.0375 0.2015625 0.0515625 0.0515625
5 0.0375 0.165625 0.0390625 0.0390625
5 0.03671875 0.1328125 0.0234375 0.0375
5 0.01796875 0.45078125 0.0359375 0.0796875
5 0.10234375 0.440625 0.0375 0.0765625
5 0.10703125 0.5234375 0.0453125 0.103125
5 0.1125 0.6578125 0.059375 0.1140625
5 0.10546875 0.79609375 0.1015625 0.18125
5 0.01328125 0.665625 0.0140625 0.1453125
5 0.01484375 0.54609375 0.0296875 0.1046875
5 0.91015625 0.29453125 0.0515625 0.0546875
5 0.95 0.34140625 0.06875 0.0921875
5 0.98828125 0.3890625 0.015625 0.0953125
5 0.94375 0.4796875 0.0734375 0.09375
5 0.88828125 0.4171875 0.04375 0.0703125
5 0.9890625 0.528125 0.021875 0.15