5 0.58046875 0.9546875 0.0828125 0.090625
5 0.375 0.8828125 0.11875 0.2265625
5 0.303125 0.70546875 0.0953125 0.1859375
5 0.68671875 0.84921875 0.1140625 0.2125
5 0.7671875 0.6859375 0.10625 0.15
5 0.8234375 0.5734375 0.0953125 0.121875
5 0.85390625 0.4875 0.0484375 0.0953125
5 0.49140625 0.73125 0.0765625 0.1359375
5 0.5609375 0.6234375 0.065625 0.1109375
5 0.41328125 0.56875 0.0671875 0.0875
5 0.1375 0.6140625 0.0421875 0.125
5 0.35234375 0.4203125 0.0859375 0.1453125
5 0.19375 0.40078125 0.0796875 0.0921875
5 0.1734375 0.309375 0.0671875 0.0859375
5 0.2890625 0.3390625 0.0640625 0.09375
5 0.25625 0.25546875 0.0578125 0.08125
5 0.23359375 0.184375 0.0671875 0.084375
5 0.16484375 0.21171875 0.05 0.065625
5 0.64921875 0.5140625 0.0765625 0.1296875
5 0.696875 0.45078125 0.0703125 0.1046875
5 0.74375 0.3890625 0.0828125 0.10625
5 0.7890625 0.33203125 0.065625 0.090625
5 0.821875 0.27578125 0.0578125 0.0859375
5 0.84765625 0.25234375 0.05625 0.090625
5 0.50078125 0.4859375 0.0828125 0.125
5 0.4453125 0.3484375 0.071875 0.10625
5 0.3765625 0.28984375 0.065625 0.09375
5 0.3390625 0.22109375 0.0703125 0.08125
5 0.32109375 0.14609375 0.0515625 0.0578125
5 0.58203125 0.39609375 0.0828125 0.09375
5 0.515625 0.29453125 0.0609375 0.0953125
5 0.43515625 0.24453125 0.0703125 0.0796875
5 0.40390625 0.17890625 0.059375 0.075
5 0.37890625 0.12890625 0.0421875 0.0515625
5 0.63828125 0.34453125 0.065625 0.0859375
5 0.57421875 0.25390625 0.0640625 0.0890625
5 0.5015625 0.2 0.053125 0.0671875
5 0.4546875 0.1421875 0.0546875 0.0625
5 0.6859375 0.2953125 0.0640625 0.0671875
5 0.6703125 0.17265625 0.046875 0.0640625
5 0.6 0.1453125 0.0484375 0.06875
5 0.553125 0.17578125 0.0515625 0.071875
5 0.6375 0.11796875 0.05 0.0640625
5 0.72578125 0.25859375 0.05625 0.0671875
5 0.76328125 0.22265625 0.0578125 0.071875
5 0.7953125 0.18203125 0.053125 0.059375
5 0.82421875 0.16484375 0.0578125 0.0421875
5 0.84765625 0.14140625 0.053125 0.0453125
5 0.8671875 0.125 0.0484375 0.040625
5 0.7078125 0.15078125 0.0421875 0.05
5 0.75 0.11875 0.046875 0.05625
5 0.66953125 0.09609375 0.0375 0.0515625
5 0.55859375 0.09140625 0.0390625 0.04375
5 0.525 0.06015625 0.0375 0.0390625
5 0.56171875 0.03515625 0.03125 0.04375
5 0.6015625 0.0609375 0.034375 0.05
5 0.64140625 0.04296875 0.040625 0.0453125
5 0.71015625 0.07421875 0.05 0.0609375
5 0.978125 0.8640625 0.0171875 0.2078125
5 0.953125 0.6953125 0.0828125 0.1484375
5 0.91953125 0.578125 0.0953125 0.121875
5 0.89765625 0.48984375 0.0484375 0.0953125
5 0.1 0.61171875 0.0421875 0.125
5 0.065625 0.39453125 0.0796875 0.0921875
5 0.0953125 0.30546875 0.0671875 0.0859375
5 0.02890625 0.24375 0.0375 0.0796875
5 0.04921875 0.17421875 0.0671875 0.084375
5 0.11484375 0.209375 0.05 0.065625
5 0.98828125 0.4015625 0.0234375 0.103125
5 0.9734375 0.3421875 0.053125 0.090625
5 0.95234375 0.2828125 0.0578125 0.0859375
5 0.92890625 0.25625 0.05625 0.090625
5 0.99375 0.23515625 0.0125 0.0703125
5 0.98046875 0.1921875 0.0390625 0.059375
5 0.96171875 0.171875 0.0578125 0.0421875
5 0.940625 0.14609375 0.053125 0.0453125
5 0.9234375 0.128125 0.0484375 0.040625