5 0.265625 0.8203125 0.1203125 0.25
5 0.4796875 0.81484375 0.1 0.228125
5 0.67265625 0.75 0.0828125 0.15625
5 0.71328125 0.5296875 0.090625 0.1640625
5 0.73984375 0.39921875 0.059375 0.103125
5 0.753125 0.26953125 0.0515625 0.109375
5 0.6 0.40625 0.09375 0.15
5 0.55703125 0.56640625 0.090625 0.1453125
5 0.35390625 0.60625 0.0921875 0.128125
5 0.24375 0.48671875 0.0609375 0.1078125
5 0.16328125 0.38515625 0.0734375 0.15625
5 0.321875 0.371875 0.078125 0.1296875
5 0.4078125 0.45625 0.075 0.0921875
5 0.475 0.31796875 0.078125 0.11875
5 0.63984375 0.29375 0.078125 0.115625
5 0.5140625 0.2421875 0.0703125 0.103125
5 0.403125 0.23984375 0.08125 0.1046875
5 0.246875 0.26171875 0.0875 0.146875
5 0.16328125 0.25234375 0.0640625 0.0890625
5 0.23046875 0.1515625 0.0609375 0.078125
5 0.315625 0.1734375 0.0609375 0.1125
5 0.36875 0.1015625 0.0671875 0.0875
5 0.44765625 0.16640625 0.065625 0.084375
5 0.28515625 0.0796875 0.0578125 0.06875
5 0.228125 0.05234375 0.0640625 0.059375
5 0.15546875 0.68671875 0.08125 0.20625
5 0.55078125 0.159375 0.0671875 0.10625
5 0.3375 0.0421875 0.0453125 0.0484375
5 0.584375 0.09140625 0.0640625 0.0828125
5 0.66953125 0.20078125 0.0671875 0.0859375
5 0.69296875 0.1296875 0.0578125 0.059375
5 0.7140625 0.06171875 0.0625 0.065625
5 0.79296875 0.07890625 0.040625 0.0546875
5 0.7828125 0.140625 0.0546875 0.065625
5 0.7671875 0.1921875 0.04375 0.065625
5 0.59140625 0.94609375 0.0671875 0.1078125
5 0.60390625 0.040625 0.0484375 0.065625
5 0.62734375 0.02265625 0.0453125 0.0390625
5 0.01171875 0.81015625 0.0234375 0.2484375
5 0.99453125 0.53828125 0.0109375 0.1609375
5 0.99375 0.40703125 0.0125 0.1015625
5 0.99296875 0.27734375 0.0140625 0.1078125
5 0.01796875 0.47734375 0.0359375 0.1078125
5 0.09453125 0.3828125 0.0734375 0.15625
5 0.034375 0.25390625 0.05625 0.1453125
5 0.10390625 0.25 0.0640625 0.0890625
5 0.04375 0.14453125 0.0609375 0.078125
5 0.01875 0.06953125 0.009375 0.0671875
5 0.053125 0.046875 0.0640625 0.059375
5 0.08046875 0.68359375 0.08125 0.20625
5 0.9828125 0.08515625 0.034375 0.0546875
5 0.98203125 0.146875 0.0359375 0.065625
5 0.990625 0.1984375 0.01875 0.065625