5 0.8296875 0.9 0.0875 0.1796875
5 0.54375 0.8921875 0.159375 0.215625
5 0.70078125 0.65390625 0.1171875 0.2796875
5 0.44921875 0.6171875 0.1046875 0.1875
5 0.18125 0.771875 0.1015625 0.24375
5 0.1578125 0.50078125 0.071875 0.1703125
5 0.15546875 0.30390625 0.0671875 0.15
5 0.15390625 0.16796875 0.0484375 0.1046875
5 0.38671875 0.34453125 0.0890625 0.165625
5 0.58203125 0.3796875 0.1078125 0.203125
5 0.7375 0.17734375 0.0765625 0.103125
5 0.63359375 0.04765625 0.1078125 0.0953125
5 0.5 0.1859375 0.109375 0.178125
5 0.44140625 0.0546875 0.0921875 0.109375
5 0.29765625 0.08515625 0.075 0.1546875
5 0.33046875 0.22265625 0.0609375 0.1125
5 0.8140625 0.359375 0.09375 0.1203125
5 0.9484375 0.8953125 0.0875 0.1796875
5 0.0875 0.77578125 0.1015625 0.24375
5 0.0921875 0.503125 0.071875 0.1703125
5 0.08046875 0.30703125 0.0671875 0.15
5 0.07265625 0.17109375 0.0484375 0.1046875
5 0.971875 0.16953125 0.0375 0.1015625
5 0.9265625 0.35546875 0.09375 0.1203125