5 0.184375 0.9109375 0.08125 0.1765625
5 0.46953125 0.89453125 0.1515625 0.2109375
5 0.3046875 0.6609375 0.1078125 0.2765625
5 0.5546875 0.615625 0.0984375 0.184375
5 0.828125 0.7609375 0.09375 0.240625
5 0.8421875 0.4890625 0.065625 0.16875
5 0.8375 0.2921875 0.0625 0.1484375
5 0.834375 0.15625 0.0453125 0.103125
5 0.6078125 0.340625 0.0828125 0.1625
5 0.4140625 0.3828125 0.1015625 0.2
5 0.2515625 0.1859375 0.0734375 0.1
5 0.35 0.05 0.1046875 0.096875
5 0.4890625 0.1859375 0.103125 0.175
5 0.54296875 0.053125 0.0890625 0.10625
5 0.6875 0.078125 0.0703125 0.1515625
5 0.659375 0.2171875 0.0578125 0.1109375
5 0.18125 0.3703125 0.0890625 0.1171875
5 0.065625 0.9109375 0.08125 0.1765625
5 0.921875 0.7609375 0.09375 0.240625
5 0.9078125 0.4890625 0.065625 0.16875
5 0.9125 0.2921875 0.0625 0.1484375
5 0.915625 0.15625 0.0453125 0.103125
5 0.0171875 0.1859375 0.034375 0.1
5 0.06875 0.3703125 0.0890625 0.1171875