5 0.51875 0.89453125 0.1625 0.2109375
5 0.803125 0.9140625 0.08125 0.171875
5 0.6890625 0.6609375 0.103125 0.2765625
5 0.4453125 0.615625 0.0859375 0.1734375
5 0.1640625 0.76875 0.078125 0.2078125
5 0.159375 0.4578125 0.06875 0.1515625
5 0.1703125 0.2671875 0.0578125 0.1390625
5 0.390625 0.3625 0.096875 0.2
5 0.6015625 0.3734375 0.11875 0.19375
5 0.83125 0.3625 0.0875 0.153125
5 0.7625 0.1984375 0.065625 0.121875
5 0.684375 0.0625 0.0515625 0.0859375
5 0.5171875 0.1921875 0.103125 0.1703125
5 0.46875 0.0578125 0.0828125 0.1125
5 0.328125 0.0734375 0.0703125 0.1328125
5 0.35625 0.215625 0.0640625 0.1234375
5 0.946875 0.9140625 0.08125 0.171875
5 0.0859375 0.76875 0.078125 0.2078125
5 0.090625 0.4578125 0.06875 0.1515625
5 0.0796875 0.2671875 0.0578125 0.1390625
5 0.91875 0.3625 0.0875 0.153125
5 0.97734375 0.1984375 0.0453125 0.121875