5 0.59453125 0.9171875 0.121875 0.1625
5 0.3984375 0.896875 0.13125 0.20625
5 0.2546875 0.8765625 0.1046875 0.2421875
5 0.75703125 0.540625 0.1203125 0.1765625
5 0.6015625 0.4984375 0.0703125 0.1625
5 0.440625 0.50078125 0.09375 0.209375
5 0.3375 0.5015625 0.0890625 0.196875
5 0.2328125 0.4984375 0.0984375 0.2078125
5 0.15625 0.48125 0.0640625 0.18125
5 0.734375 0.22890625 0.0625 0.1203125
5 0.5671875 0.221875 0.05625 0.1640625
5 0.44453125 0.25703125 0.0921875 0.1796875
5 0.34140625 0.265625 0.078125 0.125
5 0.24765625 0.28125 0.071875 0.1515625
5 0.18046875 0.28984375 0.0671875 0.125
5 0.70859375 0.021875 0.1046875 0.04375
5 0.57265625 0.03359375 0.1078125 0.0671875
5 0.45625 0.04609375 0.0875 0.090625
5 0.35703125 0.07734375 0.078125 0.1125
5 0.20859375 0.11875 0.0625 0.1078125
5 0.146875 0.1296875 0.05 0.084375
5 0.13515625 0.2953125 0.028125 0.1078125
5 0.03125 0.8796875 0.05625 0.240625
5 0.9671875 0.53671875 0.065625 0.1765625
5 0.03359375 0.50078125 0.0671875 0.2078125
5 0.09375 0.48203125 0.0640625 0.18125
5 0.9859375 0.22421875 0.0203125 0.11875
5 0.01484375 0.284375 0.0296875 0.15
5 0.06171875 0.2921875 0.0671875 0.125
5 0.98203125 0.01875 0.0203125 0.0375
5 0.02890625 0.12109375 0.0578125 0.1078125
5 0.090625 0.13046875 0.05 0.084375
5 0.10703125 0.29609375 0.028125 0.1078125