5 0.4125 0.91875 0.11875 0.1609375
5 0.6078125 0.896875 0.128125 0.20625
5 0.7515625 0.871875 0.1 0.240625
5 0.24375 0.5453125 0.1171875 0.175
5 0.3984375 0.5 0.0671875 0.1609375
5 0.559375 0.5 0.090625 0.2078125
5 0.6625 0.4984375 0.0859375 0.1953125
5 0.7671875 0.49375 0.0953125 0.20625
5 0.84375 0.475 0.0609375 0.1796875
5 0.2609375 0.2328125 0.0609375 0.11875
5 0.428125 0.2234375 0.053125 0.1625
5 0.5515625 0.25625 0.0890625 0.178125
5 0.6546875 0.2625 0.0765625 0.1234375
5 0.7484375 0.2765625 0.06875 0.15
5 0.815625 0.284375 0.065625 0.1234375
5 0.2828125 0.0234375 0.103125 0.046875
5 0.41875 0.034375 0.10625 0.06875
5 0.5359375 0.0453125 0.0859375 0.0890625
5 0.6359375 0.075 0.0765625 0.1109375
5 0.784375 0.1140625 0.0609375 0.10625
5 0.846875 0.1234375 0.0484375 0.0828125
5 0.8609375 0.2890625 0.0265625 0.1078125
5 0.97421875 0.871875 0.0515625 0.240625
5 0.03203125 0.5453125 0.0640625 0.175
5 0.9671875 0.49375 0.065625 0.20625
5 0.90625 0.475 0.0609375 0.1796875
5 0.009375 0.2328125 0.01875 0.11875
5 0.98359375 0.2765625 0.0328125 0.15
5 0.934375 0.284375 0.065625 0.1234375
5 0.009375 0.0234375 0.01875 0.046875
5 0.965625 0.1140625 0.0609375 0.10625
5 0.903125 0.1234375 0.0484375 0.0828125
5 0.8890625 0.2890625 0.0265625 0.1078125