5 0.29765625 0.20703125 0.1484375 0.23125
5 0.4265625 0.2609375 0.175 0.26875
5 0.63984375 0.35390625 0.0984375 0.240625
5 0.81875 0.40390625 0.096875 0.1296875
5 0.1578125 0.60078125 0.0703125 0.240625
5 0.27734375 0.76953125 0.2046875 0.3234375
5 0.503125 0.85390625 0.215625 0.2921875
5 0.7859375 0.9328125 0.09375 0.103125
5 0.6703125 0.06484375 0.1328125 0.09375
5 0.47890625 0.04375 0.1171875 0.0875
5 0.19453125 0.1609375 0.115625 0.1890625
5 0.91875 0.396875 0.096875 0.1296875
5 0.1046875 0.6046875 0.0703125 0.240625
5 0.059375 0.78359375 0.103125 0.315625
5 0.9890625 0.9171875 0.021875 0.1
5 0.9625 0.04453125 0.0203125 0.084375
5 0.03203125 0.171875 0.0640625 0.1875