5 0.84765625 0.728125 0.10625 0.2765625
5 0.69296875 0.8171875 0.1953125 0.35
5 0.43828125 0.85546875 0.2015625 0.2890625
5 0.19453125 0.90390625 0.0984375 0.1921875
5 0.22109375 0.3640625 0.1546875 0.2359375
5 0.39296875 0.31796875 0.096875 0.2203125
5 0.5859375 0.296875 0.1484375 0.275
5 0.7296875 0.28984375 0.1234375 0.2265625
5 0.82578125 0.2578125 0.078125 0.1859375
5 0.565625 0.05 0.09375 0.1
5 0.37578125 0.04375 0.125 0.0796875
5 0.69765625 0.02421875 0.1015625 0.0484375
5 0.80625 0.04296875 0.078125 0.0859375
5 0.93515625 0.721875 0.10625 0.2765625
5 0.11015625 0.90625 0.0984375 0.1875
5 0.04296875 0.37578125 0.0859375 0.2328125
5 0.9609375 0.27265625 0.0640625 0.2234375
5 0.89140625 0.253125 0.078125 0.1859375
5 0.95078125 0.01328125 0.0359375 0.0265625
5 0.878125 0.040625 0.078125 0.08125