5 0.31875 0.19375 0.1328125 0.221875
5 0.44375 0.25625 0.1578125 0.2578125
5 0.65 0.3640625 0.0828125 0.2359375
5 0.825 0.4265625 0.0890625 0.1234375
5 0.1515625 0.5765625 0.053125 0.2375
5 0.259375 0.753125 0.1828125 0.3109375
5 0.478125 0.85703125 0.196875 0.2859375
5 0.7546875 0.9515625 0.0875 0.096875
5 0.7 0.078125 0.1265625 0.084375
5 0.5109375 0.0421875 0.1109375 0.0828125
5 0.21875 0.140625 0.103125 0.1828125
5 0.925 0.4265625 0.0890625 0.1234375
5 0.0984375 0.5765625 0.053125 0.2375
5 0.040625 0.75234375 0.08125 0.3109375
5 0.97578125 0.9515625 0.0484375 0.096875
5 0.99296875 0.078125 0.0140625 0.084375
5 0.04140625 0.13984375 0.0828125 0.1828125