5 0.34609375 0.2515625 0.1140625 0.196875
5 0.2015625 0.4171875 0.090625 0.1703125
5 0.303125 0.7375 0.128125 0.2375
5 0.43125 0.50234375 0.084375 0.2078125
5 0.17109375 0.92265625 0.0609375 0.1546875
5 0.60234375 0.871875 0.1578125 0.2546875
5 0.76640625 0.71953125 0.14375 0.1421875
5 0.153125 0.14921875 0.1046875 0.21875
5 0.27734375 0.05625 0.115625 0.096875
5 0.0421875 0.42578125 0.084375 0.1703125
5 0.02109375 0.75234375 0.0296875 0.23125
5 0.12109375 0.9234375 0.0609375 0.153125
5 0.9671875 0.70703125 0.065625 0.1390625
5 0.059375 0.15390625 0.1046875 0.21875