5 0.359375 0.24375 0.1046875 0.1921875
5 0.20625 0.4015625 0.0828125 0.165625
5 0.290625 0.7265625 0.115625 0.23125
5 0.43125 0.4984375 0.0734375 0.2046875
5 0.15 0.9140625 0.0515625 0.1703125
5 0.5828125 0.8765625 0.1453125 0.246875
5 0.7546875 0.7328125 0.1375 0.1359375
5 0.171875 0.13125 0.09375 0.2140625
5 0.30078125 0.0453125 0.1109375 0.090625
5 0.04375 0.4015625 0.0828125 0.165625
5 0.00859375 0.7265625 0.0171875 0.23125
5 0.1 0.9140625 0.0515625 0.1703125
5 0.96328125 0.73203125 0.0734375 0.1359375
5 0.078125 0.13125 0.09375 0.2140625
5 0.0015625 0.0453125 0.003125 0.090625