5 0.38125 0.9109375 0.134375 0.178125
5 0.1609375 0.89296875 0.071875 0.2140625
5 0.2921875 0.70625 0.125 0.171875
5 0.5703125 0.6734375 0.0828125 0.1265625
5 0.478125 0.4953125 0.0515625 0.1125
5 0.65 0.521875 0.1015625 0.15625
5 0.7703125 0.6828125 0.0796875 0.14375
5 0.834375 0.4890625 0.08125 0.19375
5 0.7265625 0.3390625 0.096875 0.1609375
5 0.5453125 0.35 0.090625 0.1265625
5 0.6296875 0.23125 0.0796875 0.128125
5 0.7296875 0.196875 0.0859375 0.1015625
5 0.8078125 0.28125 0.075 0.1234375
5 0.553125 0.1484375 0.0671875 0.103125
5 0.65 0.109375 0.0625 0.078125
5 0.7734375 0.1109375 0.0703125 0.0859375
5 0.85 0.1859375 0.05 0.1015625
5 0.65625 0.8953125 0.1046875 0.209375
5 0.58125 0.0515625 0.0515625 0.0765625
5 0.703125 0.0515625 0.0625 0.078125
5 0.8015625 0.05625 0.0515625 0.0671875
5 0.8609375 0.0984375 0.028125 0.0609375
5 0.525 0.0171875 0.0625 0.034375
5 0.0890625 0.89296875 0.071875 0.2140625
5 0.01015625 0.70625 0.0203125 0.171875
5 0.96953125 0.6828125 0.0609375 0.14375
5 0.915625 0.4890625 0.08125 0.19375
5 0.9875 0.33828125 0.025 0.1609375
5 0.98828125 0.19609375 0.0234375 0.1015625
5 0.9421875 0.28125 0.075 0.1234375
5 0.9703125 0.11015625 0.059375 0.0859375
5 0.9 0.1859375 0.05 0.1015625
5 0.9484375 0.05625 0.0515625 0.0671875
5 0.8890625 0.0984375 0.028125 0.0609375