5 0.7703125 0.8765625 0.1296875 0.1484375
5 0.79609375 0.64296875 0.090625 0.1578125
5 0.5296875 0.940625 0.09375 0.11875
5 0.55625 0.75078125 0.075 0.10625
5 0.59140625 0.55625 0.06875 0.1015625
5 0.3828125 0.86171875 0.08125 0.153125
5 0.440625 0.66171875 0.084375 0.146875
5 0.49296875 0.4734375 0.084375 0.11875
5 0.2515625 0.74609375 0.0953125 0.225
5 0.33046875 0.5484375 0.0828125 0.1796875
5 0.3890625 0.4109375 0.0578125 0.11875
5 0.4296875 0.303125 0.0703125 0.084375
5 0.16328125 0.71953125 0.059375 0.1984375
5 0.23359375 0.5390625 0.06875 0.1328125
5 0.2875 0.42890625 0.075 0.103125
5 0.3375 0.3109375 0.0546875 0.0828125
5 0.384375 0.24296875 0.0578125 0.078125
5 0.41796875 0.1703125 0.0359375 0.08125
5 0.1625 0.4875 0.071875 0.128125
5 0.22109375 0.3734375 0.059375 0.0953125
5 0.27578125 0.29296875 0.0640625 0.078125
5 0.3609375 0.14296875 0.040625 0.0515625
5 0.18125 0.33359375 0.05 0.0640625
5 0.2359375 0.2484375 0.0484375 0.0609375
5 0.31875 0.1296875 0.0421875 0.046875
5 0.34921875 0.08671875 0.040625 0.0515625
5 0.39765625 0.0921875 0.0328125 0.0546875
5 0.9484375 0.8796875 0.09375 0.1484375
5 0.94921875 0.6453125 0.090625 0.1578125
5 0.01796875 0.73984375 0.0359375 0.2234375
5 0.07890625 0.71796875 0.059375 0.1984375
5 0.02421875 0.53515625 0.0484375 0.1328125
5 0.0875 0.48671875 0.071875 0.128125
5 0.03359375 0.3703125 0.059375 0.0953125
5 0.00859375 0.2875 0.0109375 0.0765625
5 0.075 0.33125 0.05 0.0640625
5 0.02578125 0.24453125 0.04375 0.059375