5 0.3 0.92578125 0.14375 0.1484375
5 0.25390625 0.71484375 0.125 0.178125
5 0.490625 0.765625 0.08125 0.125
5 0.55546875 0.9578125 0.1078125 0.084375
5 0.68671875 0.81953125 0.0921875 0.1640625
5 0.58984375 0.64609375 0.1046875 0.15625
5 0.5015625 0.46875 0.0828125 0.1234375
5 0.41875 0.57578125 0.075 0.1203125
5 0.7828125 0.66953125 0.115625 0.2125
5 0.8625 0.6265625 0.0640625 0.1921875
5 0.67421875 0.49921875 0.0953125 0.1640625
5 0.59453125 0.38359375 0.0703125 0.1203125
5 0.53359375 0.29296875 0.071875 0.0890625
5 0.628125 0.28203125 0.065625 0.06875
5 0.69609375 0.371875 0.084375 0.1046875
5 0.765625 0.471875 0.0859375 0.1421875
5 0.83046875 0.40546875 0.0828125 0.134375
5 0.74453125 0.3015625 0.06875 0.0921875
5 0.68359375 0.2359375 0.0734375 0.0796875
5 0.7859375 0.25390625 0.059375 0.071875
5 0.84296875 0.31171875 0.0390625 0.0796875
5 0.521875 0.15625 0.0375 0.0734375
5 0.7140625 0.18671875 0.053125 0.0640625
5 0.49765625 0.025 0.034375 0.046875
5 0.534375 0.06875 0.0359375 0.0546875
5 0.57734375 0.05703125 0.0375 0.05
5 0.5375 0.0203125 0.03125 0.040625
5 0.61640625 0.08984375 0.04375 0.05
5 0.5703125 0.1046875 0.0390625 0.028125
5 0.6625 0.1328125 0.0359375 0.0515625
5 0.68203125 0.0875 0.0359375 0.0453125
5 0.80234375 0.19453125 0.034375 0.0453125
5 0.7984375 0.12734375 0.028125 0.0421875
5 0.78828125 0.0640625 0.0234375 0.04375
5 0.74921875 0.034375 0.03125 0.04375
5 0.73984375 0.08203125 0.0296875 0.0375
5 0.68359375 0.03828125 0.0265625 0.0296875
5 0.71015625 0.0140625 0.0265625 0.028125
5 0.83203125 0.10234375 0.021875 0.0359375
5 0.63125 0.04296875 0.025 0.0421875
5 0.58828125 0.0140625 0.0296875 0.028125
5 0.06328125 0.9375 0.0640625 0.125
5 0.053125 0.73203125 0.0828125 0.1734375
5 0.96953125 0.6515625 0.0609375 0.209375
5 0.9125 0.62265625 0.0640625 0.1921875
5 0.96875 0.453125 0.0625 0.140625
5 0.90546875 0.3984375 0.0828125 0.134375
5 0.96171875 0.28203125 0.05 0.090625
5 0.92265625 0.2421875 0.059375 0.071875
5 0.8765625 0.30859375 0.0390625 0.0796875
5 0.96484375 0.16484375 0.0203125 0.0609375
5 0.89609375 0.1859375 0.034375 0.0453125
5 0.88828125 0.11953125 0.028125 0.0421875
5 0.8875 0.05546875 0.0234375 0.04375
5 0.9203125 0.0203125 0.03125 0.040625
5 0.9390625 0.06484375 0.0296875 0.0375
5 0.95 0.003125 0.015625 0.00625
5 0.85078125 0.10078125 0.021875 0.0359375