5 0.2640625 0.9125 0.13125 0.1484375
5 0.2359375 0.6921875 0.1109375 0.16875
5 0.4671875 0.7640625 0.071875 0.11875
5 0.515625 0.9609375 0.1015625 0.0765625
5 0.6578125 0.834375 0.078125 0.1578125
5 0.5765625 0.653125 0.0921875 0.1484375
5 0.5046875 0.46875 0.0734375 0.1171875
5 0.4125 0.56875 0.065625 0.115625
5 0.7671875 0.69375 0.0984375 0.2046875
5 0.85 0.6578125 0.0484375 0.1890625
5 0.6734375 0.5140625 0.08125 0.1578125
5 0.6046875 0.3921875 0.0609375 0.115625
5 0.5515625 0.296875 0.0640625 0.084375
5 0.646875 0.29375 0.0609375 0.0640625
5 0.70625 0.3890625 0.0765625 0.0984375
5 0.7671875 0.4953125 0.075 0.1359375
5 0.8375 0.434375 0.071875 0.128125
5 0.7609375 0.3234375 0.0609375 0.0875
5 0.70625 0.253125 0.0671875 0.0734375
5 0.80625 0.2796875 0.053125 0.0671875
5 0.8578125 0.3421875 0.0328125 0.0765625
5 0.5515625 0.159375 0.03125 0.0703125
5 0.740625 0.20625 0.0484375 0.059375
5 0.5390625 0.0265625 0.03125 0.04375
5 0.571875 0.0734375 0.03125 0.0515625
5 0.615625 0.065625 0.0328125 0.046875
5 0.5796875 0.0234375 0.028125 0.04375
5 0.6515625 0.1015625 0.0390625 0.046875
5 0.6046875 0.1125 0.0375 0.025
5 0.69375 0.1484375 0.03125 0.0484375
5 0.7171875 0.1046875 0.0328125 0.0421875
5 0.828125 0.221875 0.03125 0.0421875
5 0.8296875 0.1546875 0.025 0.040625
5 0.825 0.090625 0.0203125 0.0421875
5 0.7890625 0.0578125 0.028125 0.0421875
5 0.775 0.1046875 0.0265625 0.0359375
5 0.7234375 0.05625 0.0234375 0.028125
5 0.7515625 0.034375 0.025 0.0265625
5 0.865625 0.1328125 0.01875 0.034375
5 0.6703125 0.05625 0.021875 0.040625
5 0.63125 0.0234375 0.028125 0.0265625
5 0.02578125 0.91171875 0.0515625 0.1484375
5 0.034375 0.6921875 0.06875 0.16875
5 0.96640625 0.69296875 0.0671875 0.2046875
5 0.9 0.6578125 0.0484375 0.1890625
5 0.97265625 0.49453125 0.0546875 0.1359375
5 0.9125 0.434375 0.071875 0.128125
5 0.97890625 0.3234375 0.0421875 0.0875
5 0.94375 0.2796875 0.053125 0.0671875
5 0.8921875 0.3421875 0.0328125 0.0765625
5 0.9921875 0.20625 0.015625 0.059375
5 0.921875 0.221875 0.03125 0.0421875
5 0.9203125 0.1546875 0.025 0.040625
5 0.925 0.090625 0.0203125 0.0421875
5 0.9609375 0.0578125 0.028125 0.0421875
5 0.975 0.1046875 0.0265625 0.0359375
5 0.99296875 0.03359375 0.0140625 0.0265625
5 0.884375 0.1328125 0.01875 0.034375