5 0.8265625 0.75625 0.096875 0.1875
5 0.803125 0.5828125 0.096875 0.121875
5 0.6484375 0.60625 0.08125 0.0890625
5 0.6390625 0.7296875 0.0671875 0.1359375
5 0.5015625 0.9109375 0.0828125 0.171875
5 0.3234375 0.9765625 0.0796875 0.046875
5 0.2640625 0.84375 0.0671875 0.15625
5 0.3734375 0.825 0.0859375 0.1890625
5 0.528125 0.6828125 0.0828125 0.134375
5 0.540625 0.5578125 0.0640625 0.0828125
5 0.409375 0.65 0.053125 0.1265625
5 0.4375 0.5265625 0.0703125 0.0875
5 0.3046875 0.7046875 0.078125 0.1171875
5 0.1890625 0.7859375 0.0484375 0.109375
5 0.2265625 0.6609375 0.0625 0.1140625
5 0.3421875 0.5640625 0.05625 0.09375
5 0.371875 0.4703125 0.04375 0.0859375
5 0.403125 0.3984375 0.046875 0.078125
5 0.2671875 0.553125 0.05625 0.0921875
5 0.16875 0.6265625 0.0421875 0.0765625
5 0.2203125 0.5265625 0.046875 0.0671875
5 0.3140625 0.45625 0.0359375 0.0453125
5 0.2546875 0.440625 0.0359375 0.0421875
5 0.2203125 0.4046875 0.034375 0.0375
5 0.2890625 0.3765625 0.0390625 0.0578125
5 0.3390625 0.3796875 0.04375 0.05625
5 0.3625 0.3171875 0.0328125 0.0546875
5 0.4234375 0.33125 0.0453125 0.065625
5 0.315625 0.3234375 0.0328125 0.0515625
5 0.3390625 0.2671875 0.0265625 0.04375
5 0.35625 0.228125 0.028125 0.0453125
5 0.3875 0.25625 0.0375 0.046875
5 0.3765625 0.1875 0.021875 0.0375
5 0.403125 0.215625 0.0265625 0.046875
5 0.9234375 0.75625 0.096875 0.1875
5 0.946875 0.5828125 0.096875 0.121875
5 0.009375 0.84375 0.01875 0.15625
5 0.0609375 0.7859375 0.0484375 0.109375
5 0.02734375 0.66015625 0.0546875 0.1140625
5 0.00546875 0.55234375 0.0109375 0.0921875
5 0.08125 0.6265625 0.0421875 0.0765625
5 0.0296875 0.5265625 0.046875 0.0671875
5 0.00625 0.43984375 0.0125 0.0421875
5 0.0296875 0.4046875 0.034375 0.0375