5 0.1546875 0.73828125 0.121875 0.2046875
5 0.3375 0.9375 0.059375 0.0859375
5 0.47109375 0.90546875 0.1046875 0.1859375
5 0.64375 0.98046875 0.08125 0.0390625
5 0.6015625 0.83046875 0.103125 0.1921875
5 0.71171875 0.87578125 0.075 0.1234375
5 0.79296875 0.809375 0.0578125 0.1046875
5 0.6609375 0.68515625 0.040625 0.0609375
5 0.7640625 0.671875 0.0671875 0.10625
5 0.82265625 0.64921875 0.0546875 0.0859375
5 0.58203125 0.6546875 0.06875 0.1296875
5 0.4609375 0.68125 0.0828125 0.1453125
5 0.334375 0.72734375 0.103125 0.140625
5 0.20078125 0.56796875 0.1046875 0.1296875
5 0.33515625 0.5875 0.0625 0.10625
5 0.45625 0.54765625 0.0703125 0.1015625
5 0.56171875 0.52890625 0.075 0.0953125
5 0.65546875 0.5703125 0.0546875 0.0859375
5 0.72890625 0.571875 0.065625 0.1015625
5 0.77890625 0.54140625 0.0515625 0.0640625
5 0.62890625 0.4796875 0.05625 0.0890625
5 0.690625 0.46953125 0.04375 0.0546875
5 0.7484375 0.453125 0.0375 0.0578125
5 0.7890625 0.4203125 0.034375 0.0453125
5 0.72109375 0.3890625 0.0421875 0.046875
5 0.67265625 0.38984375 0.0421875 0.053125
5 0.60625 0.40078125 0.053125 0.071875
5 0.59140625 0.33671875 0.046875 0.0625
5 0.653125 0.3234375 0.0359375 0.0640625
5 0.6984375 0.33359375 0.040625 0.05625
5 0.68125 0.27890625 0.0265625 0.04375
5 0.63515625 0.2625 0.0375 0.0546875
5 0.5390625 0.3578125 0.0421875 0.071875
5 0.615625 0.21875 0.03125 0.0453125
5 0.6625 0.23671875 0.0296875 0.040625
5 0.64921875 0.19609375 0.0234375 0.040625
5 0.05625 0.72890625 0.1125 0.2046875
5 0.95390625 0.89765625 0.0375 0.1203125
5 0.9046875 0.81953125 0.0578125 0.1046875
5 0.95625 0.68828125 0.0671875 0.10625
5 0.90390625 0.65625 0.0546875 0.0859375
5 0.04375 0.55390625 0.0875 0.1296875
5 0.98671875 0.59453125 0.021875 0.0984375
5 0.965625 0.5578125 0.0515625 0.0640625
5 0.9953125 0.47421875 0.009375 0.0546875
5 0.97578125 0.43671875 0.034375 0.0453125