5 0.84765625 0.7265625 0.1125 0.1953125
5 0.809375 0.55625 0.1078125 0.1296875
5 0.65703125 0.59296875 0.0890625 0.0953125
5 0.65859375 0.71640625 0.078125 0.140625
5 0.5375 0.909375 0.096875 0.178125
5 0.36484375 0.98125 0.0828125 0.0375
5 0.29453125 0.86328125 0.08125 0.1609375
5 0.40234375 0.83515625 0.1015625 0.1953125
5 0.54375 0.6796875 0.09375 0.140625
5 0.5453125 0.55390625 0.0703125 0.0875
5 0.42265625 0.65703125 0.0640625 0.13125
5 0.43984375 0.53203125 0.078125 0.09375
5 0.3234375 0.72109375 0.0875 0.1234375
5 0.21484375 0.81171875 0.0578125 0.1125
5 0.24140625 0.684375 0.071875 0.11875
5 0.3484375 0.57734375 0.0640625 0.0984375
5 0.36953125 0.48125 0.0515625 0.0890625
5 0.39453125 0.40703125 0.053125 0.08125
5 0.27265625 0.5734375 0.0640625 0.096875
5 0.18125 0.6546875 0.0484375 0.0796875
5 0.2234375 0.55078125 0.053125 0.0703125
5 0.3109375 0.47265625 0.0390625 0.0484375
5 0.25078125 0.4625 0.0390625 0.0453125
5 0.21328125 0.4296875 0.0375 0.040625
5 0.27890625 0.3953125 0.04375 0.0609375
5 0.32890625 0.39453125 0.0484375 0.059375
5 0.346875 0.3296875 0.0375 0.0578125
5 0.409375 0.33828125 0.0515625 0.06875
5 0.30078125 0.33984375 0.0375 0.0546875
5 0.31953125 0.28203125 0.0296875 0.0453125
5 0.3328125 0.24140625 0.03125 0.046875
5 0.36640625 0.2671875 0.0421875 0.05
5 0.35 0.19921875 0.025 0.0390625
5 0.37890625 0.225 0.03125 0.0484375
5 0.94375 0.71796875 0.1125 0.1953125
5 0.94921875 0.54296875 0.1015625 0.1296875
5 0.04140625 0.88515625 0.0328125 0.1578125
5 0.0875 0.8234375 0.0578125 0.1125
5 0.04296875 0.70078125 0.0640625 0.11875
5 0.01171875 0.5953125 0.01875 0.0921875
5 0.09375 0.6625 0.0484375 0.0796875
5 0.03359375 0.5671875 0.053125 0.0703125
5 0.00546875 0.4828125 0.0109375 0.04375
5 0.0234375 0.44609375 0.0375 0.040625