1 0.1859375 0.3171875 0.3109375 0.1140625
1 0.3234375 0.4921875 0.4703125 0.1875
1 0.1890625 0.6734375 0.2484375 0.11875
1 0.40546875 0.53203125 0.18125 0.475
1 0.89140625 0.5671875 0.2171875 0.3125
1 0.55390625 0.4546875 0.175 0.4609375
1 0.16484375 0.07109375 0.3109375 0.1140625
1 0.21796875 0.99140625 0.2421875 0.0171875
1 0.36171875 0.03125 0.14375 0.0546875
1 0.44296875 0.953125 0.1484375 0.09375
1 0.91171875 0.91953125 0.1765625 0.1046875
1 0.5171875 0.05078125 0.14375 0.1015625
1 0.59921875 0.98125 0.1375 0.0359375