5 0.82421875 0.8890625 0.1359375 0.178125
5 0.646875 0.903125 0.1453125 0.1828125
5 0.4640625 0.925 0.13125 0.15
5 0.3 0.93125 0.128125 0.1375
5 0.1890625 0.93359375 0.06875 0.1328125
5 0.8578125 0.66640625 0.0828125 0.215625
5 0.7234375 0.6890625 0.1296875 0.2390625
5 0.55625 0.71484375 0.1484375 0.2546875
5 0.3890625 0.734375 0.1515625 0.2765625
5 0.2125 0.74453125 0.15625 0.2453125
5 0.15390625 0.49296875 0.08125 0.2421875
5 0.27734375 0.47890625 0.1546875 0.2734375
5 0.45078125 0.46015625 0.1296875 0.2484375
5 0.6140625 0.43828125 0.13125 0.2546875
5 0.765625 0.4171875 0.125 0.234375
5 0.80546875 0.19375 0.103125 0.1890625
5 0.671875 0.20234375 0.146875 0.24375
5 0.5125 0.22890625 0.1234375 0.2140625
5 0.36015625 0.2296875 0.1171875 0.23125
5 0.1890625 0.24609375 0.134375 0.23125
5 0.125 0.0828125 0.0796875 0.109375
5 0.2515625 0.078125 0.1484375 0.125
5 0.41484375 0.05078125 0.09375 0.0984375
5 0.56171875 0.05 0.1078125 0.1
5 0.7109375 0.04375 0.134375 0.0875
5 0.96328125 0.87421875 0.0734375 0.1765625
5 0.06171875 0.94296875 0.0578125 0.1140625
5 0.1359375 0.9359375 0.06875 0.128125
5 0.9234375 0.6609375 0.0828125 0.215625
5 0.084375 0.75625 0.146875 0.24375
5 0.0921875 0.4984375 0.08125 0.2421875
5 0.0234375 0.50078125 0.046875 0.2640625
5 0.95390625 0.39921875 0.0921875 0.2328125
5 0.89296875 0.18671875 0.103125 0.1890625
5 0.96875 0.1765625 0.0296875 0.234375
5 0.040625 0.26015625 0.08125 0.2296875
5 0.05 0.0890625 0.0796875 0.109375
5 0.92734375 0.03203125 0.0734375 0.0640625