5 0.3765625 0.7703125 0.121875 0.2328125
5 0.60859375 0.63671875 0.1296875 0.2390625
5 0.69375 0.9234375 0.153125 0.1375
5 0.7171875 0.25 0.1046875 0.1328125
5 0.7421875 0.11015625 0.078125 0.1015625
5 0.82421875 0.1390625 0.0625 0.115625
5 0.7546875 0.584375 0.103125 0.14375
5 0.8109375 0.35 0.09375 0.140625
5 0.96640625 0.23125 0.040625 0.128125
5 0.9453125 0.09609375 0.0609375 0.1
5 0.87734375 0.13515625 0.0625 0.115625
5 0.978125 0.5671875 0.04375 0.140625
5 0.91953125 0.3421875 0.09375 0.140625