5 0.6421875 0.7609375 0.10625 0.2265625
5 0.4015625 0.64375 0.1140625 0.23125
5 0.3359375 0.9359375 0.1453125 0.128125
5 0.265625 0.265625 0.0953125 0.1265625
5 0.23125 0.128125 0.071875 0.096875
5 0.1515625 0.1625 0.0546875 0.1125
5 0.2515625 0.6015625 0.09375 0.1375
5 0.1796875 0.371875 0.084375 0.134375
5 0.015625 0.26484375 0.03125 0.1265625
5 0.02734375 0.128125 0.0546875 0.096875
5 0.0984375 0.1625 0.0546875 0.1125
5 0.02265625 0.6015625 0.0453125 0.1375
5 0.0703125 0.371875 0.084375 0.134375