5 0.459375 0.8140625 0.0984375 0.2296875
5 0.4890625 0.59296875 0.1015625 0.225
5 0.63359375 0.5734375 0.1109375 0.2171875
5 0.5078125 0.08828125 0.134375 0.165625
5 0.81171875 0.840625 0.15625 0.2171875
5 0.64140625 0.03359375 0.0859375 0.0671875
5 0.73359375 0.03515625 0.0859375 0.0703125
5 0.65390625 0.15703125 0.103125 0.1359375
5 0.76015625 0.4625 0.121875 0.1234375
5 0.7375 0.18671875 0.0734375 0.103125
5 0.9421875 0.83515625 0.115625 0.2171875
5 0.9625 0.03125 0.04375 0.0625
5 0.96328125 0.45546875 0.0734375 0.1203125
5 0.97265625 0.17890625 0.0359375 0.1015625