5 0.596875 0.8609375 0.1140625 0.2703125
5 0.5859375 0.6015625 0.1171875 0.2328125
5 0.73125 0.41875 0.1171875 0.1828125
5 0.590625 0.2640625 0.1 0.159375
5 0.465625 0.296875 0.0890625 0.1609375
5 0.475 0.1921875 0.0703125 0.1125
5 0.4796875 0.0984375 0.0609375 0.1265625
5 0.5953125 0.0453125 0.0828125 0.0890625
5 0.496875 0.0265625 0.06875 0.053125
5 0.6875 0.0359375 0.0765625 0.0703125
5 0.77578125 0.0171875 0.0578125 0.034375
5 0.9796875 0.41796875 0.040625 0.1828125
5 0.971875 0.0171875 0.05625 0.034375