5 0.35078125 0.68125 0.1546875 0.209375
5 0.18515625 0.45703125 0.134375 0.25625
5 0.19453125 0.26171875 0.1125 0.1609375
5 0.5 0.30703125 0.1 0.1859375
5 0.3484375 0.2609375 0.1125 0.228125
5 0.4703125 0.17890625 0.08125 0.1390625
5 0.47578125 0.06484375 0.0734375 0.1296875
5 0.34609375 0.10703125 0.090625 0.1578125
5 0.3453125 0.03125 0.096875 0.0625
5 0.22109375 0.02578125 0.0890625 0.0515625
5 0.34453125 0.95234375 0.103125 0.0796875
5 0.0703125 0.446875 0.134375 0.25625
5 0.0953125 0.253125 0.1125 0.1609375
5 0.10859375 0.02109375 0.0890625 0.0421875