5 0.728125 0.91328125 0.1484375 0.15
5 0.8390625 0.640625 0.103125 0.29375
5 0.79609375 0.4109375 0.1296875 0.2
5 0.63671875 0.44921875 0.1296875 0.240625
5 0.47890625 0.55078125 0.0984375 0.2125
5 0.4859375 0.37890625 0.0953125 0.1296875
5 0.4671875 0.2328125 0.075 0.1515625
5 0.4625 0.1140625 0.078125 0.11875
5 0.38046875 0.04765625 0.065625 0.0875
5 0.4609375 0.03125 0.08125 0.0625
5 0.590625 0.11640625 0.09375 0.1171875
5 0.62109375 0.27109375 0.084375 0.13125
5 0.5734375 0.034375 0.08125 0.06875
5 0.70859375 0.08671875 0.0953125 0.1578125
5 0.80234375 0.0546875 0.0609375 0.109375
5 0.68984375 0.021875 0.0859375 0.04375
5 0.9953125 0.8984375 0.009375 0.14375
5 0.9265625 0.6359375 0.103125 0.29375
5 0.93984375 0.403125 0.1203125 0.2
5 0.965625 0.075 0.03125 0.15
5 0.89921875 0.05234375 0.0609375 0.1046875
5 0.96953125 0.0140625 0.0109375 0.028125