5 0.3875 0.95859375 0.146875 0.0828125
5 0.203125 0.7859375 0.1203125 0.296875
5 0.1921875 0.5390625 0.109375 0.2015625
5 0.5328125 0.53125 0.1 0.2140625
5 0.35625 0.49375 0.1078125 0.2328125
5 0.4875 0.3734375 0.0828125 0.1484375
5 0.4671875 0.2484375 0.0765625 0.128125
5 0.334375 0.3265625 0.0921875 0.1515625
5 0.31875 0.1859375 0.0859375 0.14375
5 0.1984375 0.1921875 0.0890625 0.14375
5 0.3109375 0.084375 0.0828125 0.0984375
5 0.1828125 0.1015625 0.0984375 0.075
5 0.053125 0.7859375 0.10625 0.296875
5 0.0578125 0.5390625 0.109375 0.2015625
5 0.0515625 0.1921875 0.0890625 0.14375
5 0.0671875 0.1015625 0.0984375 0.075