5 0.5125 0.73828125 0.134375 0.2484375
5 0.6984375 0.60078125 0.1375 0.1890625
5 0.6375 0.35390625 0.1109375 0.16875
5 0.82578125 0.4609375 0.1125 0.2109375
5 0.71015625 0.13046875 0.1 0.16875
5 0.80078125 0.07734375 0.0828125 0.128125
5 0.5 0.5234375 0.10625 0.1734375
5 0.46796875 0.3625 0.0890625 0.165625
5 0.45 0.2234375 0.078125 0.1359375
5 0.42890625 0.09609375 0.078125 0.1265625
5 0.5921875 0.240625 0.0953125 0.10625
5 0.6734375 0.03203125 0.084375 0.0515625
5 0.55078125 0.10234375 0.0703125 0.15
5 0.34140625 0.14609375 0.0796875 0.13125
5 0.9859375 0.615625 0.0265625 0.1828125
5 0.92890625 0.46640625 0.1125 0.2109375
5 0.97578125 0.0875 0.0484375 0.128125