5 0.4734375 0.734375 0.109375 0.2515625
5 0.4984375 0.53125 0.1 0.18125
5 0.5359375 0.3671875 0.0953125 0.16875
5 0.5671875 0.2296875 0.0796875 0.1421875
5 0.5859375 0.10625 0.0671875 0.1390625
5 0.678125 0.16875 0.0640625 0.1265625
5 0.3109375 0.55 0.1421875 0.2484375
5 0.1796875 0.4453125 0.1078125 0.203125
5 0.3734375 0.3578125 0.096875 0.153125
5 0.2203125 0.0625 0.078125 0.125
5 0.3140625 0.096875 0.0859375 0.13125
5 0.4640625 0.103125 0.071875 0.1609375
5 0.34765625 0.0484375 0.0796875 0.096875
5 0.4859375 0.0265625 0.071875 0.053125
5 0.0046875 0.54921875 0.009375 0.2484375
5 0.0703125 0.4453125 0.1078125 0.203125
5 0.034375 0.0625 0.06875 0.125