5 0.5421875 0.8703125 0.140625 0.259375
5 0.73359375 0.71171875 0.1578125 0.2796875
5 0.52734375 0.63359375 0.1046875 0.1953125
5 0.68671875 0.4609375 0.1171875 0.1953125
5 0.50234375 0.4515625 0.1109375 0.203125
5 0.48359375 0.271875 0.09375 0.153125
5 0.64453125 0.27890625 0.10625 0.1625
5 0.77265625 0.203125 0.1 0.1625
5 0.8546875 0.1296875 0.0546875 0.1578125
5 0.37265625 0.17578125 0.0703125 0.1328125
5 0.4703125 0.13203125 0.078125 0.11875
5 0.6109375 0.1546875 0.078125 0.1375
5 0.73984375 0.09296875 0.0890625 0.128125
5 0.38046875 0.05546875 0.0828125 0.1109375
5 0.9640625 0.71484375 0.06875 0.278125
5 0.96875 0.2046875 0.0625 0.1625
5 0.9078125 0.13046875 0.0546875 0.1578125
5 0.98984375 0.09609375 0.0203125 0.1265625