5 0.6390625 0.8140625 0.1265625 0.278125
5 0.5578125 0.5859375 0.1125 0.2421875
5 0.7640625 0.4703125 0.121875 0.21875
5 0.8390625 0.7203125 0.071875 0.2671875
5 0.778125 0.13125 0.109375 0.2125
5 0.7078125 0.065625 0.0890625 0.13125
5 0.4890625 0.3921875 0.0984375 0.1796875
5 0.3390625 0.3765625 0.078125 0.1484375
5 0.4421875 0.25 0.0890625 0.1796875
5 0.5859375 0.178125 0.071875 0.2046875
5 0.5234375 0.0671875 0.10625 0.1296875
5 0.2984375 0.1171875 0.075 0.109375
5 0.3984375 0.11875 0.0875 0.134375
5 0.38125 0.0453125 0.0765625 0.0640625
5 0.9625 0.4703125 0.075 0.21875
5 0.9109375 0.7203125 0.071875 0.2671875
5 0.95859375 0.13125 0.0828125 0.2125
5 0.9984375 0.065625 0.003125 0.13125