5 0.7984375 0.840625 0.125 0.31875
5 0.5671875 0.85546875 0.1453125 0.259375
5 0.53828125 0.60625 0.13125 0.25
5 0.51953125 0.39921875 0.0984375 0.175
5 0.70859375 0.3625 0.13125 0.2109375
5 0.8453125 0.2390625 0.1125 0.2125
5 0.81015625 0.11484375 0.10625 0.1828125
5 0.6625 0.2109375 0.09375 0.1984375
5 0.5 0.22890625 0.1 0.18125
5 0.37734375 0.3046875 0.1 0.184375
5 0.378125 0.159375 0.078125 0.140625
5 0.64296875 0.0859375 0.0953125 0.125
5 0.49296875 0.0875 0.09375 0.0984375
5 0.38828125 0.053125 0.0828125 0.10625
5 0.48203125 0.0296875 0.0828125 0.059375
5 0.7640625 0.571875 0.13125 0.2265625
5 0.9015625 0.84375 0.125 0.3125
5 0.996875 0.3828125 0.00625 0.203125
5 0.9421875 0.24609375 0.1125 0.2125
5 0.9703125 0.125 0.059375 0.18125
5 0.95546875 0.58515625 0.0890625 0.2234375