5 0.3234375 0.803125 0.1796875 0.2609375
5 0.4375 0.5828125 0.1109375 0.2359375
5 0.5171875 0.3953125 0.090625 0.16875
5 0.5765625 0.25 0.0875 0.171875
5 0.2375 0.446875 0.1296875 0.2234375
5 0.34375 0.275 0.11875 0.215625
5 0.4265625 0.1671875 0.0859375 0.1953125
5 0.24375 0.1015625 0.1109375 0.2015625
5 0.15625 0.671875 0.0625 0.2875
5 0.6671875 0.4 0.06875 0.140625
5 0.4796875 0.0640625 0.084375 0.1265625
5 0.6359375 0.1109375 0.0859375 0.096875
5 0.0078125 0.80234375 0.015625 0.2609375
5 0.03828125 0.44609375 0.0765625 0.2234375
5 0.03046875 0.10078125 0.0609375 0.2015625
5 0.09375 0.671875 0.0625 0.2875