5 0.8234375 0.83125 0.1015625 0.3375
5 0.5921875 0.85 0.128125 0.2515625
5 0.5453125 0.603125 0.1140625 0.2421875
5 0.5125 0.3984375 0.0875 0.16875
5 0.6984375 0.3484375 0.1171875 0.203125
5 0.8265625 0.215625 0.0984375 0.20625
5 0.7828125 0.09375 0.09375 0.1765625
5 0.6421875 0.2 0.0796875 0.19375
5 0.48125 0.2296875 0.0875 0.175
5 0.3640625 0.3140625 0.0875 0.178125
5 0.3546875 0.16875 0.06875 0.1359375
5 0.6140625 0.0765625 0.0875 0.11875
5 0.4640625 0.0890625 0.0875 0.0921875
5 0.3578125 0.0609375 0.0765625 0.103125
5 0.45 0.0296875 0.078125 0.059375
5 0.76875 0.553125 0.115625 0.21875
5 0.9265625 0.83125 0.1015625 0.3375
5 0.99609375 0.3484375 0.0078125 0.203125
5 0.9234375 0.215625 0.0984375 0.20625
5 0.96015625 0.09296875 0.0796875 0.1765625
5 0.96171875 0.553125 0.0765625 0.21875