5 0.3359375 0.9484375 0.103125 0.103125
5 0.4921875 0.9 0.1078125 0.1984375
5 0.175 0.821875 0.1 0.290625
5 0.3171875 0.721875 0.1265625 0.21875
5 0.303125 0.4828125 0.1015625 0.2109375
5 0.609375 0.8234375 0.128125 0.278125
5 0.7203125 0.7390625 0.1109375 0.2421875
5 0.8234375 0.671875 0.0953125 0.1578125
5 0.490625 0.35625 0.08125 0.1640625
5 0.6203125 0.48125 0.0875 0.2078125
5 0.70625 0.4203125 0.08125 0.171875
5 0.7953125 0.3828125 0.0875 0.1171875
5 0.81875 0.1625 0.08125 0.1375
5 0.59375 0.3125 0.096875 0.1640625
5 0.55625 0.1671875 0.0765625 0.121875
5 0.6328125 0.1140625 0.0671875 0.11875
5 0.2359375 0.1859375 0.0578125 0.1359375
5 0.4125 0.0453125 0.065625 0.0890625
5 0.49375 0.0640625 0.0796875 0.128125
5 0.5609375 0.0375 0.05625 0.0734375
5 0.075 0.821875 0.1 0.290625
5 0.98671875 0.73828125 0.0265625 0.2421875
5 0.9265625 0.671875 0.0953125 0.1578125
5 0.9546875 0.3828125 0.0875 0.1171875
5 0.93125 0.1625 0.08125 0.1375
5 0.02109375 0.18515625 0.0421875 0.1359375