5 0.7890625 0.8734375 0.1203125 0.246875
5 0.59375 0.9703125 0.1125 0.059375
5 0.45625 0.9 0.115625 0.1984375
5 0.696875 0.5203125 0.1078125 0.196875
5 0.35625 0.7890625 0.11875 0.2640625
5 0.2515625 0.6859375 0.1140625 0.2375
5 0.1671875 0.5796875 0.0859375 0.1484375
5 0.4609375 0.54375 0.103125 0.18125
5 0.3890625 0.465625 0.0953125 0.1640625
5 0.309375 0.3765625 0.0890625 0.1609375
5 0.228125 0.2890625 0.09375 0.1453125
5 0.5234375 0.3640625 0.06875 0.1609375
5 0.4890625 0.165625 0.0671875 0.1078125
5 0.64375 0.0609375 0.0609375 0.071875
5 0.578125 0.046875 0.0609375 0.078125
5 0.55625 0.1109375 0.0625 0.08125
5 0.4203125 0.0859375 0.078125 0.09375
5 0.225 0.078125 0.078125 0.0921875
5 0.80625 0.2546875 0.0515625 0.0984375
5 0.659375 0.765625 0.096875 0.2125
5 0.95 0.8734375 0.1 0.246875
5 0.99921875 0.5203125 0.0015625 0.196875
5 0.02734375 0.6859375 0.0546875 0.2375
5 0.0828125 0.5796875 0.0859375 0.1484375
5 0.034375 0.28828125 0.06875 0.1453125
5 0.03203125 0.07734375 0.0640625 0.0921875
5 0.94375 0.2546875 0.0515625 0.0984375