5 0.3203125 0.9421875 0.10625 0.10625
5 0.478125 0.89921875 0.1140625 0.2015625
5 0.1640625 0.81015625 0.109375 0.29375
5 0.309375 0.715625 0.134375 0.2234375
5 0.30390625 0.47578125 0.109375 0.2140625
5 0.59765625 0.82734375 0.1375 0.2828125
5 0.71171875 0.746875 0.11875 0.2453125
5 0.8171875 0.6828125 0.1 0.1609375
5 0.4953125 0.35625 0.0875 0.1671875
5 0.62109375 0.48515625 0.0953125 0.2109375
5 0.70859375 0.42734375 0.0875 0.175
5 0.79921875 0.39296875 0.0921875 0.1203125
5 0.83046875 0.17421875 0.0859375 0.140625
5 0.6 0.315625 0.103125 0.1671875
5 0.56796875 0.16953125 0.08125 0.125
5 0.64609375 0.11875 0.071875 0.1203125
5 0.246875 0.1765625 0.0625 0.1375
5 0.428125 0.04375 0.06875 0.0875
5 0.5078125 0.06484375 0.084375 0.1296875
5 0.57734375 0.03984375 0.059375 0.075
5 0.0640625 0.80703125 0.109375 0.29375
5 0.978125 0.75546875 0.034375 0.2421875
5 0.9203125 0.68671875 0.1 0.1609375
5 0.95625 0.39765625 0.0875 0.1203125
5 0.94296875 0.178125 0.0859375 0.140625
5 0.03203125 0.16875 0.046875 0.1375