4 0.75390625 0.765625 0.325 0.1515625
4 0.7421875 0.58671875 0.3109375 0.1921875
4 0.703125 0.37890625 0.125 0.15
4 0.44609375 0.59765625 0.1625 0.0859375
4 0.55546875 0.44765625 0.0828125 0.05625
4 0.4765625 0.25234375 0.115625 0.115625
4 0.6921875 0.246875 0.0953125 0.0953125
4 0.42109375 0.45234375 0.0890625 0.0921875
4 0.3 0.35390625 0.0703125 0.0578125
4 0.18359375 0.434375 0.13125 0.0625
4 0.0515625 0.4234375 0.1015625 0.10625
4 0.76484375 0.91796875 0.325 0.1515625
4 0.46171875 0.04375 0.1140625 0.0875
4 0.6765625 0.0265625 0.09375 0.053125