5 0.68984375 0.7828125 0.4 0.425
5 0.4578125 0.50390625 0.128125 0.128125
5 0.271875 0.50546875 0.1234375 0.121875
5 0.19140625 0.40234375 0.1453125 0.1453125
5 0.521875 0.3265625 0.075 0.0796875
5 0.38984375 0.27578125 0.065625 0.0734375
5 0.315625 0.290625 0.0640625 0.0765625
5 0.3390625 0.2359375 0.0375 0.04375
5 0.4109375 0.228125 0.071875 0.0625
5 0.33671875 0.1890625 0.0328125 0.03125
5 0.27265625 0.18984375 0.0609375 0.05
5 0.4421875 0.16953125 0.1171875 0.0953125
5 0.696875 0.37265625 0.1203125 0.121875
5 0.82578125 0.390625 0.0921875 0.0984375
5 0.825 0.2875 0.084375 0.134375
5 0.8125 0.20078125 0.0921875 0.09375
5 0.81171875 0.1234375 0.09375 0.1125
5 0.17265625 0.19296875 0.121875 0.084375
5 0.94375 0.76875 0.1125 0.4125
5 0.01953125 0.51796875 0.0390625 0.1171875
5 0.06015625 0.40859375 0.1203125 0.1453125
5 0.9875 0.35703125 0.0171875 0.115625
5 0.91328125 0.3859375 0.0921875 0.0984375
5 0.903125 0.28359375 0.084375 0.134375
5 0.90625 0.1953125 0.0921875 0.09375
5 0.89921875 0.11953125 0.09375 0.1125
5 0.05234375 0.2 0.1046875 0.084375