5 0.675 0.7921875 0.3796875 0.40625
5 0.4578125 0.5015625 0.121875 0.121875
5 0.271875 0.49375 0.1171875 0.115625
5 0.196875 0.3859375 0.1375 0.1390625
5 0.53125 0.328125 0.0703125 0.0765625
5 0.4015625 0.2703125 0.0625 0.0703125
5 0.3265625 0.28125 0.0609375 0.0734375
5 0.353125 0.228125 0.0359375 0.0421875
5 0.425 0.2234375 0.06875 0.059375
5 0.353125 0.18125 0.03125 0.0296875
5 0.2890625 0.178125 0.0578125 0.046875
5 0.459375 0.1671875 0.1125 0.0890625
5 0.703125 0.3828125 0.1140625 0.115625
5 0.83125 0.4078125 0.0875 0.09375
5 0.8359375 0.3046875 0.078125 0.1296875
5 0.828125 0.2171875 0.0875 0.0890625
5 0.83125 0.140625 0.0875 0.1078125
5 0.1890625 0.1765625 0.1171875 0.078125
5 0.9421875 0.7921875 0.115625 0.40625
5 0.01796875 0.49375 0.0359375 0.115625
5 0.0609375 0.38515625 0.121875 0.1390625
5 0.99453125 0.3828125 0.0109375 0.115625
5 0.91875 0.4078125 0.0875 0.09375
5 0.9140625 0.3046875 0.078125 0.1296875
5 0.921875 0.2171875 0.0875 0.0890625
5 0.91875 0.140625 0.0875 0.1078125
5 0.0609375 0.1765625 0.1171875 0.078125