5 0.6453125 0.621875 0.1234375 0.1890625
5 0.5109375 0.56875 0.1109375 0.16875
5 0.4015625 0.6203125 0.13125 0.2078125
5 0.2859375 0.5890625 0.121875 0.1921875
5 0.1765625 0.6484375 0.1015625 0.2078125
5 0.7875 0.5484375 0.1234375 0.1796875
5 0.6359375 0.45625 0.1171875 0.1828125
5 0.7609375 0.3890625 0.1078125 0.1484375
5 0.8328125 0.434375 0.084375 0.146875
5 0.8296875 0.3125 0.0921875 0.146875
5 0.7390625 0.265625 0.103125 0.146875
5 0.8125 0.1796875 0.0859375 0.1140625
5 0.7203125 0.175 0.09375 0.109375
5 0.7859375 0.09375 0.08125 0.09375
5 0.7078125 0.0890625 0.084375 0.0984375
5 0.7703125 0.0359375 0.0875 0.0703125
5 0.69609375 0.028125 0.0671875 0.05625
5 0.621875 0.315625 0.1015625 0.140625
5 0.61875 0.2046875 0.1015625 0.121875
5 0.6078125 0.10625 0.0875 0.1171875
5 0.615625 0.0359375 0.1 0.071875
5 0.525 0.4125 0.1109375 0.159375
5 0.51875 0.284375 0.1015625 0.140625
5 0.521875 0.178125 0.0890625 0.1125
5 0.5265625 0.0953125 0.078125 0.1015625
5 0.534375 0.0203125 0.0875 0.040625
5 0.4078125 0.4609375 0.1109375 0.1625
5 0.4265625 0.31875 0.0921875 0.1328125
5 0.43125 0.2140625 0.0890625 0.121875
5 0.446875 0.1171875 0.0859375 0.1046875
5 0.453125 0.0453125 0.0796875 0.090625
5 0.3125 0.4328125 0.10625 0.1671875
5 0.328125 0.3015625 0.1015625 0.1515625
5 0.346875 0.1890625 0.0984375 0.128125
5 0.3578125 0.0984375 0.103125 0.109375
5 0.38125 0.034375 0.0984375 0.0671875
5 0.19375 0.4671875 0.1359375 0.1796875
5 0.228125 0.325 0.109375 0.15625
5 0.259375 0.20625 0.0984375 0.1375
5 0.2703125 0.1171875 0.0921875 0.109375
5 0.303125 0.04375 0.0890625 0.0859375
5 0.23203125 0.0265625 0.0890625 0.053125
5 0.159375 0.3015625 0.06875 0.1640625
5 0.1796875 0.1984375 0.0828125 0.1203125
5 0.2046875 0.09375 0.08125 0.0890625
5 0.0125 0.58828125 0.025 0.1921875
5 0.0734375 0.6484375 0.1015625 0.2078125
5 0.95078125 0.54765625 0.0984375 0.1796875
5 0.96796875 0.38828125 0.0640625 0.1484375
5 0.9171875 0.434375 0.084375 0.146875
5 0.9203125 0.3125 0.0921875 0.146875
5 0.9796875 0.265625 0.040625 0.146875
5 0.9375 0.1796875 0.0859375 0.1140625
5 0.99140625 0.175 0.0171875 0.109375
5 0.96171875 0.09375 0.0765625 0.09375
5 0.96796875 0.03515625 0.0640625 0.0703125
5 0.0625 0.46640625 0.125 0.1796875
5 0.03828125 0.325 0.0765625 0.15625
5 0.0203125 0.20625 0.040625 0.1375
5 0.01328125 0.1171875 0.0265625 0.109375
5 0.03203125 0.0265625 0.0640625 0.053125
5 0.090625 0.3015625 0.06875 0.1640625
5 0.0703125 0.1984375 0.0828125 0.1203125
5 0.0453125 0.09375 0.08125 0.0890625