5 0.509375 0.878125 0.2125 0.2421875
5 0.2234375 0.6359375 0.14375 0.21875
5 0.490625 0.4734375 0.1140625 0.140625
5 0.7234375 0.6296875 0.1515625 0.1625
5 0.8390625 0.4484375 0.071875 0.1859375
5 0.7453125 0.30625 0.0765625 0.0921875
5 0.634375 0.371875 0.11875 0.121875
5 0.3015625 0.39375 0.1 0.1328125
5 0.1953125 0.325 0.1140625 0.1140625
5 0.4765625 0.3140625 0.0921875 0.096875
5 0.3390625 0.28125 0.0828125 0.09375
5 0.2484375 0.23125 0.0921875 0.090625
5 0.1671875 0.1828125 0.06875 0.078125
5 0.2125 0.1265625 0.0625 0.0703125
5 0.2796875 0.1609375 0.0484375 0.0671875
5 0.346875 0.1875 0.0421875 0.0625
5 0.4484375 0.2140625 0.08125 0.0890625
5 0.55625 0.1703125 0.059375 0.0703125
5 0.675 0.203125 0.0796875 0.078125
5 0.8171875 0.228125 0.0921875 0.096875
5 0.7453125 0.1609375 0.0765625 0.0921875
5 0.04921875 0.6359375 0.0984375 0.21875
5 0.975 0.6296875 0.05 0.1625
5 0.9109375 0.4484375 0.071875 0.1859375
5 0.9828125 0.30546875 0.034375 0.0921875
5 0.05546875 0.32421875 0.1109375 0.1140625
5 0.0234375 0.23125 0.046875 0.090625
5 0.0828125 0.1828125 0.06875 0.078125
5 0.0375 0.1265625 0.0625 0.0703125
5 0.9328125 0.228125 0.0921875 0.096875
5 0.9828125 0.16015625 0.034375 0.0921875