5 0.3546875 0.621875 0.1234375 0.1890625
5 0.4890625 0.56875 0.1109375 0.16875
5 0.5984375 0.6203125 0.13125 0.2078125
5 0.7140625 0.5890625 0.121875 0.1921875
5 0.8234375 0.6484375 0.1015625 0.2078125
5 0.2125 0.5484375 0.1234375 0.1796875
5 0.3640625 0.45625 0.1171875 0.1828125
5 0.2390625 0.3890625 0.1078125 0.1484375
5 0.1671875 0.434375 0.084375 0.146875
5 0.1703125 0.3125 0.0921875 0.146875
5 0.2609375 0.265625 0.103125 0.146875
5 0.1875 0.1796875 0.0859375 0.1140625
5 0.2796875 0.175 0.09375 0.109375
5 0.2140625 0.09375 0.08125 0.09375
5 0.2921875 0.0890625 0.084375 0.0984375
5 0.2296875 0.0359375 0.0875 0.0703125
5 0.30390625 0.028125 0.0671875 0.05625
5 0.378125 0.315625 0.1015625 0.140625
5 0.38125 0.2046875 0.1015625 0.121875
5 0.3921875 0.10625 0.0875 0.1171875
5 0.384375 0.0359375 0.1 0.071875
5 0.475 0.4125 0.1109375 0.159375
5 0.48125 0.284375 0.1015625 0.140625
5 0.478125 0.178125 0.0890625 0.1125
5 0.4734375 0.0953125 0.078125 0.1015625
5 0.465625 0.0203125 0.0875 0.040625
5 0.5921875 0.4609375 0.1109375 0.1625
5 0.5734375 0.31875 0.0921875 0.1328125
5 0.56875 0.2140625 0.0890625 0.121875
5 0.553125 0.1171875 0.0859375 0.1046875
5 0.546875 0.0453125 0.0796875 0.090625
5 0.6875 0.4328125 0.10625 0.1671875
5 0.671875 0.3015625 0.1015625 0.1515625
5 0.653125 0.1890625 0.0984375 0.128125
5 0.6421875 0.0984375 0.103125 0.109375
5 0.61875 0.034375 0.0984375 0.0671875
5 0.80625 0.4671875 0.1359375 0.1796875
5 0.771875 0.325 0.109375 0.15625
5 0.740625 0.20625 0.0984375 0.1375
5 0.7296875 0.1171875 0.0921875 0.109375
5 0.696875 0.04375 0.0890625 0.0859375
5 0.76796875 0.0265625 0.0890625 0.053125
5 0.840625 0.3015625 0.06875 0.1640625
5 0.8203125 0.1984375 0.0828125 0.1203125
5 0.7953125 0.09375 0.08125 0.0890625
5 0.9875 0.58828125 0.025 0.1921875
5 0.9265625 0.6484375 0.1015625 0.2078125
5 0.04921875 0.54765625 0.0984375 0.1796875
5 0.03203125 0.38828125 0.0640625 0.1484375
5 0.0828125 0.434375 0.084375 0.146875
5 0.0796875 0.3125 0.0921875 0.146875
5 0.0203125 0.265625 0.040625 0.146875
5 0.0625 0.1796875 0.0859375 0.1140625
5 0.00859375 0.175 0.0171875 0.109375
5 0.03828125 0.09375 0.0765625 0.09375
5 0.03203125 0.03515625 0.0640625 0.0703125
5 0.9375 0.46640625 0.125 0.1796875
5 0.96171875 0.325 0.0765625 0.15625
5 0.9796875 0.20625 0.040625 0.1375
5 0.98671875 0.1171875 0.0265625 0.109375
5 0.96796875 0.0265625 0.0640625 0.053125
5 0.909375 0.3015625 0.06875 0.1640625
5 0.9296875 0.1984375 0.0828125 0.1203125
5 0.9546875 0.09375 0.08125 0.0890625