5 0.36875 0.240625 0.484375 0.48125
5 0.32265625 0.74765625 0.3546875 0.5046875
5 0.7578125 0.19375 0.2328125 0.3765625
5 0.571875 0.91875 0.0796875 0.1625
5 0.6671875 0.9375 0.0859375 0.103125
5 0.6734375 0.828125 0.071875 0.1296875
5 0.846875 0.94296875 0.05625 0.1140625
5 0.75 0.9546875 0.1296875 0.0890625
5 0.4640625 0.5609375 0.0671875 0.125
5 0.6078125 0.55 0.0578125 0.0859375
5 0.746875 0.8546875 0.06875 0.1171875
5 0.803125 0.84375 0.0734375 0.09375
5 0.06171875 0.240625 0.1234375 0.48125
5 0.0515625 0.74765625 0.103125 0.5046875
5 0.9375 0.19296875 0.125 0.3765625
5 0.903125 0.94296875 0.05625 0.1140625
5 0.9671875 0.95390625 0.065625 0.0890625
5 0.984375 0.85390625 0.03125 0.1171875
5 0.946875 0.84375 0.0734375 0.09375