5 0.2828125 0.690625 0.1984375 0.3046875
5 0.496875 0.66875 0.221875 0.2421875
5 0.734375 0.653125 0.203125 0.2703125
5 0.1703125 0.5265625 0.0890625 0.2171875
5 0.1765625 0.39375 0.103125 0.1359375
5 0.315625 0.4890625 0.171875 0.2234375
5 0.334375 0.375 0.1484375 0.125
5 0.5171875 0.49375 0.19375 0.175
5 0.5265625 0.3890625 0.140625 0.121875
5 0.7203125 0.465625 0.1890625 0.1765625
5 0.6921875 0.3796875 0.1359375 0.1359375
5 0.8453125 0.371875 0.059375 0.1453125
5 0.8578125 0.484375 0.0359375 0.24375
5 0.0328125 0.68984375 0.065625 0.3046875
5 0.95703125 0.65234375 0.0859375 0.2703125
5 0.0796875 0.5265625 0.0890625 0.2171875
5 0.0734375 0.39375 0.103125 0.1359375
5 0.01015625 0.48828125 0.0203125 0.2234375
5 0.9671875 0.46484375 0.065625 0.1765625
5 0.99453125 0.37890625 0.0109375 0.1359375
5 0.9046875 0.371875 0.059375 0.1453125
5 0.8921875 0.484375 0.0359375 0.24375