5 0.5984375 0.859375 0.465625 0.28125
5 0.34140625 0.5390625 0.3375 0.353125
5 0.65859375 0.43046875 0.3 0.3859375
5 0.46640625 0.18203125 0.228125 0.228125
5 0.75546875 0.10546875 0.225 0.1859375
5 0.209375 0.253125 0.1484375 0.2671875
5 0.32421875 0.06484375 0.2359375 0.1296875
5 0.91484375 0.88046875 0.1265625 0.2390625
5 0.03515625 0.5109375 0.0703125 0.33125
5 0.9765625 0.4578125 0.046875 0.365625
5 0.975 0.1265625 0.05 0.175
5 0.0828125 0.24140625 0.1453125 0.2671875
5 0.0765625 0.05078125 0.0875 0.1015625