5 0.425 0.840625 0.325 0.31875
5 0.19765625 0.56171875 0.1671875 0.465625
5 0.2546875 0.32734375 0.2625 0.4203125
5 0.51796875 0.48359375 0.34375 0.478125
5 0.803125 0.6390625 0.153125 0.5
5 0.8015625 0.36796875 0.1734375 0.5015625
5 0.796875 0.24609375 0.1875 0.428125
5 0.553125 0.278125 0.2390625 0.3703125
5 0.59140625 0.1171875 0.18125 0.234375
5 0.3171875 0.140625 0.15 0.278125
5 0.065625 0.5546875 0.13125 0.465625
5 0.06953125 0.32109375 0.1390625 0.4171875
5 0.93046875 0.6421875 0.1390625 0.5
5 0.93515625 0.37265625 0.1296875 0.5015625
5 0.9390625 0.25078125 0.121875 0.4265625
5 0.0203125 0.1328125 0.025 0.265625