5 0.74765625 0.65546875 0.2640625 0.4421875
5 0.478125 0.803125 0.3125 0.39375
5 0.23984375 0.65859375 0.2546875 0.4015625
5 0.3453125 0.3609375 0.178125 0.2609375
5 0.51171875 0.46484375 0.2 0.2859375
5 0.69609375 0.33671875 0.2 0.278125
5 0.53359375 0.21875 0.1796875 0.253125
5 0.2046875 0.22265625 0.1359375 0.21875
5 0.234375 0.08203125 0.165625 0.1640625
5 0.3828125 0.12109375 0.153125 0.2421875
5 0.52109375 0.08515625 0.1484375 0.1703125
5 0.66953125 0.134375 0.1453125 0.1890625
5 0.82421875 0.209375 0.1625 0.296875
5 0.790625 0.06328125 0.128125 0.0953125
5 0.16015625 0.45625 0.0796875 0.2375
5 0.846875 0.42265625 0.0828125 0.2125
5 0.65703125 0.04296875 0.121875 0.071875
5 0.92421875 0.6671875 0.1515625 0.434375
5 0.05703125 0.64453125 0.1140625 0.3921875
5 0.98828125 0.35703125 0.0234375 0.2671875
5 0.0828125 0.2140625 0.1359375 0.21875
5 0.090625 0.07578125 0.134375 0.1515625
5 0.94375 0.21796875 0.1125 0.2953125
5 0.978125 0.07734375 0.04375 0.0921875
5 0.09453125 0.4515625 0.0796875 0.2375
5 0.915625 0.42734375 0.0828125 0.2125