5 0.63125 0.8640625 0.44375 0.271875
5 0.3453125 0.553125 0.3109375 0.3265625
5 0.6515625 0.4171875 0.26875 0.3640625
5 0.4390625 0.1859375 0.2109375 0.2109375
5 0.7203125 0.084375 0.2109375 0.16875
5 0.1890625 0.2796875 0.1265625 0.2578125
5 0.2859375 0.06875 0.225 0.1375
5 0.9484375 0.8640625 0.103125 0.271875
5 0.0296875 0.55234375 0.059375 0.3265625
5 0.98203125 0.41640625 0.0359375 0.3640625
5 0.96171875 0.084375 0.0765625 0.16875
5 0.06171875 0.27890625 0.1234375 0.2578125
5 0.03828125 0.06875 0.0765625 0.1375