5 0.225 0.678125 0.171875 0.3390625
5 0.828125 0.65625 0.09375 0.3578125
5 0.1515625 0.2859375 0.0515625 0.2171875
5 0.3078125 0.26875 0.16875 0.296875
5 0.48125 0.2578125 0.1578125 0.2390625
5 0.7015625 0.2484375 0.1921875 0.3078125
5 0.83125 0.2390625 0.0875 0.259375
5 0.05546875 0.67734375 0.1109375 0.3390625
5 0.921875 0.65625 0.09375 0.3578125
5 0.0984375 0.2859375 0.0515625 0.2171875
5 0.01328125 0.26875 0.0265625 0.296875
5 0.97578125 0.24765625 0.0484375 0.3078125
5 0.91875 0.2390625 0.0875 0.259375