5 0.21328125 0.65859375 0.1953125 0.35
5 0.81640625 0.67890625 0.11875 0.3640625
5 0.1671875 0.2625 0.0671875 0.2203125
5 0.32421875 0.25625 0.1890625 0.3078125
5 0.4984375 0.25703125 0.1734375 0.25
5 0.71875 0.26328125 0.2125 0.3203125
5 0.8484375 0.2625 0.1046875 0.265625
5 0.05546875 0.64609375 0.1109375 0.3453125
5 0.91015625 0.68515625 0.11875 0.3640625
5 0.1140625 0.25859375 0.0671875 0.2203125
5 0.03046875 0.23515625 0.046875 0.2984375
5 0.978125 0.28046875 0.04375 0.3109375
5 0.9359375 0.26875 0.1046875 0.265625