5 0.82890625 0.0796875 0.115625 0.1296875
5 0.7171875 0.07578125 0.146875 0.1421875
5 0.5671875 0.06171875 0.1734375 0.1234375
5 0.41171875 0.04375 0.1671875 0.0875
5 0.25703125 0.02109375 0.1078125 0.0421875
5 0.7921875 0.24609375 0.125 0.1484375
5 0.6984375 0.22890625 0.125 0.1859375
5 0.7984375 0.41640625 0.109375 0.109375
5 0.24375 0.178125 0.1859375 0.2140625
5 0.23046875 0.384375 0.13125 0.125
5 0.4015625 0.15078125 0.153125 0.1859375
5 0.57265625 0.21640625 0.2 0.2125
5 0.70625 0.41640625 0.153125 0.1703125
5 0.56796875 0.39609375 0.1484375 0.1671875
5 0.39765625 0.39609375 0.184375 0.1875
5 0.234375 0.5765625 0.1625 0.1578125
5 0.39921875 0.6078125 0.1890625 0.1859375
5 0.5640625 0.58046875 0.153125 0.184375
5 0.7984375 0.58359375 0.1046875 0.1453125
5 0.6875 0.5921875 0.1546875 0.184375
5 0.7953125 0.73671875 0.090625 0.13125
5 0.7 0.77578125 0.1640625 0.18125
5 0.78203125 0.88359375 0.1171875 0.1421875
5 0.57265625 0.79765625 0.1640625 0.18125
5 0.396875 0.8015625 0.1921875 0.19375
5 0.21953125 0.7765625 0.1578125 0.2
5 0.41484375 0.96484375 0.15 0.0703125
5 0.6875 0.93046875 0.165625 0.1390625
5 0.5578125 0.9375 0.146875 0.125
5 0.94609375 0.08359375 0.1078125 0.1296875
5 0.9953125 0.0859375 0.009375 0.1375
5 0.04765625 0.0171875 0.0640625 0.034375
5 0.95703125 0.2515625 0.0859375 0.146875
5 0.9515625 0.421875 0.096875 0.109375
5 0.0640625 0.17109375 0.1140625 0.2109375
5 0.04765625 0.37734375 0.0921875 0.1234375
5 0.98671875 0.42578125 0.0265625 0.1671875
5 0.04609375 0.5703125 0.0921875 0.15625
5 0.9453125 0.5890625 0.1046875 0.1453125
5 0.98984375 0.60234375 0.0203125 0.1796875
5 0.9390625 0.7421875 0.090625 0.13125
5 0.971875 0.784375 0.04375 0.178125
5 0.9359375 0.88828125 0.10625 0.1421875
5 0.0453125 0.76953125 0.090625 0.1984375
5 0.96875 0.9359375 0.0375 0.128125