5 0.1859375 0.06875 0.1109375 0.1265625
5 0.29765625 0.06875 0.1421875 0.1375
5 0.4484375 0.059375 0.16875 0.1171875
5 0.603125 0.04375 0.1640625 0.0875
5 0.759375 0.025 0.10625 0.05
5 0.2171875 0.2359375 0.1203125 0.14375
5 0.3109375 0.221875 0.11875 0.18125
5 0.2046875 0.40625 0.10625 0.10625
5 0.7671875 0.1875 0.178125 0.2078125
5 0.7734375 0.39375 0.1265625 0.1203125
5 0.6109375 0.1546875 0.146875 0.18125
5 0.4375 0.2140625 0.1921875 0.20625
5 0.296875 0.409375 0.146875 0.165625
5 0.4359375 0.39375 0.1421875 0.1625
5 0.60625 0.4 0.178125 0.18125
5 0.7625 0.5859375 0.1578125 0.153125
5 0.596875 0.6109375 0.1828125 0.1796875
5 0.4328125 0.578125 0.146875 0.1796875
5 0.1984375 0.5734375 0.1 0.1421875
5 0.309375 0.5859375 0.1484375 0.1796875
5 0.196875 0.7265625 0.0859375 0.128125
5 0.290625 0.76875 0.1578125 0.1765625
5 0.2046875 0.8734375 0.1125 0.1390625
5 0.4171875 0.7953125 0.1578125 0.1765625
5 0.5921875 0.8046875 0.1859375 0.1875
5 0.7703125 0.7859375 0.1515625 0.1953125
5 0.56875 0.9671875 0.1484375 0.065625
5 0.296875 0.928125 0.1609375 0.1421875
5 0.4265625 0.9375 0.1421875 0.1234375
5 0.0640625 0.06875 0.1109375 0.1265625
5 0.0109375 0.06875 0.021875 0.1375
5 0.96875 0.025 0.0625 0.05
5 0.04609375 0.2359375 0.0921875 0.14375
5 0.04921875 0.40625 0.0984375 0.10625
5 0.946875 0.18671875 0.10625 0.2078125
5 0.95625 0.39296875 0.0875 0.1203125
5 0.01328125 0.409375 0.0265625 0.165625
5 0.95390625 0.5859375 0.0921875 0.153125
5 0.0515625 0.5734375 0.1 0.1421875
5 0.00703125 0.58515625 0.0140625 0.1796875
5 0.053125 0.7265625 0.0859375 0.128125
5 0.01875 0.76796875 0.0375 0.1765625
5 0.05078125 0.87265625 0.1015625 0.1390625
5 0.9515625 0.78515625 0.096875 0.1953125
5 0.01640625 0.92734375 0.0328125 0.1421875