2 0.1140625 0.54921875 0.2078125 0.4640625
2 0.29921875 0.51640625 0.2234375 0.4296875
1 0.61015625 0.46796875 0.3578125 0.4890625
1 0.8875 0.48671875 0.2125 0.4578125
2 0.09609375 0.02734375 0.1921875 0.0328125
2 0.12734375 0.9546875 0.1953125 0.090625
2 0.28203125 0.025 0.2109375 0.04375
2 0.31484375 0.9734375 0.2109375 0.053125
1 0.5953125 0.0515625 0.34375 0.103125
1 0.62734375 0.97109375 0.3421875 0.0578125
1 0.87109375 0.02421875 0.1984375 0.0484375
1 0.90234375 0.95546875 0.1953125 0.0671875