5 0.196875 0.8328125 0.121875 0.1625
5 0.1890625 0.6375 0.115625 0.1515625
5 0.1859375 0.428125 0.109375 0.153125
5 0.184375 0.2265625 0.103125 0.1359375
5 0.18203125 0.05625 0.1140625 0.1125
5 0.384375 0.0515625 0.115625 0.1015625
5 0.3640625 0.23125 0.115625 0.171875
5 0.3921875 0.428125 0.11875 0.159375
5 0.3890625 0.621875 0.115625 0.1671875
5 0.3921875 0.834375 0.1328125 0.1796875
5 0.5859375 0.8203125 0.11875 0.1625
5 0.5765625 0.6078125 0.1015625 0.1421875
5 0.5765625 0.4078125 0.0375 0.0640625
5 0.5796875 0.2171875 0.103125 0.14375
5 0.5765625 0.046875 0.115625 0.09375
5 0.77421875 0.0359375 0.0890625 0.071875
5 0.7765625 0.2140625 0.0921875 0.1453125
5 0.7828125 0.4203125 0.109375 0.1421875
5 0.778125 0.603125 0.0921875 0.1484375
5 0.7890625 0.8046875 0.0875 0.125
5 0.05703125 0.8328125 0.1140625 0.1625
5 0.0609375 0.6375 0.115625 0.1515625
5 0.0640625 0.428125 0.109375 0.153125
5 0.065625 0.2265625 0.103125 0.1359375
5 0.06640625 0.05625 0.1140625 0.1125
5 0.96484375 0.0359375 0.0703125 0.071875
5 0.96328125 0.21328125 0.0734375 0.1453125
5 0.95625 0.41953125 0.0875 0.1421875
5 0.9625 0.60234375 0.075 0.1484375
5 0.95859375 0.8046875 0.0828125 0.125