5 0.21015625 0.91328125 0.203125 0.159375
5 0.22421875 0.746875 0.2140625 0.2734375
5 0.22578125 0.5234375 0.209375 0.240625
5 0.22890625 0.2953125 0.2015625 0.2375
5 0.24140625 0.075 0.203125 0.15
5 0.45078125 0.65 0.209375 0.209375
5 0.44921875 0.4296875 0.2125 0.2390625
5 0.4625 0.1953125 0.2203125 0.2453125
5 0.46640625 0.04453125 0.1890625 0.0890625
5 0.70859375 0.08828125 0.2421875 0.16875
5 0.69296875 0.3125 0.225 0.234375
5 0.4609375 0.8796875 0.240625 0.240625
5 0.6859375 0.77109375 0.2328125 0.234375
5 0.69609375 0.928125 0.2296875 0.14375
5 0.05546875 0.90703125 0.1109375 0.1578125
5 0.05703125 0.7390625 0.1140625 0.271875
5 0.06328125 0.51640625 0.1265625 0.2390625
5 0.06953125 0.28984375 0.1328125 0.2359375
5 0.07578125 0.071875 0.1265625 0.14375
5 0.97421875 0.096875 0.0515625 0.1625
5 0.978125 0.321875 0.04375 0.228125
5 0.96171875 0.7796875 0.065625 0.228125
5 0.9484375 0.93359375 0.078125 0.1328125