5 0.20078125 0.96328125 0.0984375 0.0734375
5 0.20625 0.8109375 0.1015625 0.14375
5 0.203125 0.6140625 0.0890625 0.125
5 0.2125 0.415625 0.0640625 0.1015625
5 0.2125 0.2109375 0.0640625 0.0984375
5 0.21875 0.0390625 0.0703125 0.078125
5 0.4109375 0.0296875 0.05625 0.059375
5 0.6109375 0.0359375 0.0921875 0.0703125
5 0.80625 0.0453125 0.084375 0.090625
5 0.4078125 0.209375 0.0703125 0.1015625
5 0.5984375 0.20625 0.0640625 0.090625
5 0.803125 0.23125 0.06875 0.09375
5 0.4015625 0.4140625 0.071875 0.1140625
5 0.5984375 0.4109375 0.0703125 0.1015625
5 0.796875 0.4171875 0.0546875 0.0875
5 0.4046875 0.6140625 0.071875 0.1078125
5 0.59375 0.6203125 0.0890625 0.1359375
5 0.8 0.6453125 0.0765625 0.1046875
5 0.4015625 0.81875 0.10625 0.1640625
5 0.396875 0.975 0.1 0.05
5 0.58984375 0.97109375 0.0796875 0.0578125
5 0.5875 0.809375 0.1078125 0.1484375
5 0.7921875 0.83125 0.1 0.121875
5 0.79296875 0.96953125 0.1234375 0.0609375
5 0.0484375 0.96328125 0.096875 0.0734375
5 0.046875 0.8109375 0.09375 0.14375
5 0.046875 0.6140625 0.0890625 0.125
5 0.0375 0.415625 0.0640625 0.1015625
5 0.0375 0.2109375 0.0640625 0.0984375
5 0.0328125 0.0390625 0.065625 0.078125
5 0.94375 0.0453125 0.084375 0.090625
5 0.946875 0.23125 0.06875 0.09375
5 0.953125 0.4171875 0.0546875 0.0875
5 0.95 0.6453125 0.0765625 0.1046875
5 0.95390625 0.83125 0.0921875 0.121875
5 0.946875 0.96953125 0.10625 0.0609375