5 0.284375 0.865625 0.0921875 0.128125
5 0.44375 0.978125 0.0921875 0.04375
5 0.6109375 0.921875 0.0984375 0.1359375
5 0.7828125 0.83125 0.0984375 0.140625
5 0.6140625 0.6984375 0.059375 0.0625
5 0.771875 0.596875 0.0828125 0.0890625
5 0.7828125 0.3671875 0.078125 0.0984375
5 0.6140625 0.484375 0.0859375 0.1046875
5 0.61875 0.2671875 0.0875 0.1125
5 0.6203125 0.0421875 0.06875 0.0828125
5 0.4484375 0.125 0.0734375 0.1046875
5 0.2828125 0.0328125 0.09375 0.0640625
5 0.2859375 0.2140625 0.125 0.1484375
5 0.296875 0.45625 0.078125 0.109375
5 0.4421875 0.7875 0.1 0.14375
5 0.446875 0.5828125 0.0546875 0.0671875
5 0.44375 0.3453125 0.071875 0.10625
5 0.00546875 0.865625 0.0109375 0.128125
5 0.95859375 0.83125 0.0828125 0.140625
5 0.96796875 0.59609375 0.0640625 0.0890625
5 0.9640625 0.36640625 0.071875 0.0984375
5 0.00703125 0.03203125 0.0140625 0.0640625
5 0.01328125 0.21328125 0.0265625 0.1484375