5 0.159375 0.95625 0.10625 0.05
5 0.35546875 0.97265625 0.0640625 0.0421875
5 0.54296875 0.98671875 0.0796875 0.0265625
5 0.7625 0.84921875 0.1015625 0.128125
5 0.56015625 0.828125 0.1203125 0.15625
5 0.36171875 0.81484375 0.10625 0.134375
5 0.16796875 0.78828125 0.0984375 0.1390625
5 0.18515625 0.5921875 0.1046875 0.1234375
5 0.384375 0.6109375 0.103125 0.134375
5 0.565625 0.6359375 0.0953125 0.1234375
5 0.7703125 0.64140625 0.096875 0.1234375
5 0.796875 0.4421875 0.0890625 0.1234375
5 0.59453125 0.421875 0.0984375 0.14375
5 0.39375 0.403125 0.0953125 0.13125
5 0.20390625 0.38984375 0.10625 0.134375
5 0.2203125 0.178125 0.10625 0.1234375
5 0.4125 0.20234375 0.103125 0.15
5 0.6 0.215625 0.1078125 0.159375
5 0.80078125 0.2265625 0.1015625 0.1265625
5 0.61640625 0.04921875 0.1078125 0.0890625
5 0.42421875 0.0375 0.0984375 0.075
5 0.234375 0.02265625 0.090625 0.0453125
5 0.82421875 0.0640625 0.1078125 0.090625
5 0.0390625 0.946875 0.078125 0.05
5 0.934375 0.8609375 0.090625 0.128125
5 0.04453125 0.77890625 0.0890625 0.1390625
5 0.0515625 0.58203125 0.103125 0.1234375
5 0.953125 0.653125 0.0828125 0.121875
5 0.95859375 0.45390625 0.0828125 0.1234375
5 0.06015625 0.3796875 0.10625 0.134375
5 0.0734375 0.16796875 0.10625 0.1234375
5 0.96875 0.2375 0.0625 0.125
5 0.08125 0.0171875 0.090625 0.034375
5 0.965625 0.075 0.06875 0.090625