5 0.278125 0.97265625 0.1 0.0546875
5 0.44375 0.940625 0.096875 0.1171875
5 0.7875 0.93125 0.13125 0.1359375
5 0.6109375 0.859375 0.1140625 0.1625
5 0.7703125 0.753125 0.1671875 0.2296875
5 0.75625 0.5046875 0.11875 0.171875
5 0.5921875 0.615625 0.1 0.1375
5 0.4296875 0.7234375 0.121875 0.1640625
5 0.2609375 0.63125 0.1140625 0.1484375
5 0.4125 0.509375 0.1265625 0.184375
5 0.578125 0.390625 0.0984375 0.1359375
5 0.246875 0.403125 0.109375 0.1359375
5 0.4078125 0.2859375 0.0734375 0.1125
5 0.5734375 0.1625 0.1625 0.2171875
5 0.725 0.0796875 0.146875 0.159375
5 0.5703125 0.021875 0.109375 0.04375
5 0.234375 0.1828125 0.15625 0.203125
5 0.3921875 0.0890625 0.178125 0.1765625
5 0.21875 0.0359375 0.1375 0.071875
5 0.0109375 0.97265625 0.021875 0.0546875
5 0.9484375 0.93046875 0.103125 0.1359375
5 0.94765625 0.75234375 0.1046875 0.2296875
5 0.9671875 0.5046875 0.065625 0.171875
5 0.02265625 0.63046875 0.0453125 0.1484375
5 0.02890625 0.40234375 0.0578125 0.1359375
5 0.97578125 0.0796875 0.0484375 0.159375
5 0.046875 0.1828125 0.09375 0.203125
5 0.05 0.0359375 0.1 0.071875