5 0.80703125 0.1671875 0.10625 0.1171875
5 0.80390625 0.3703125 0.0953125 0.125
5 0.7875 0.57265625 0.084375 0.1296875
5 0.76484375 0.9671875 0.0546875 0.065625
5 0.565625 0.95703125 0.06875 0.0859375
5 0.3703125 0.946875 0.09375 0.0984375
5 0.175 0.93671875 0.08125 0.096875
5 0.184375 0.73671875 0.0921875 0.1171875
5 0.57734375 0.7578125 0.1140625 0.1375
5 0.584375 0.5625 0.1125 0.140625
5 0.38984375 0.54609375 0.1265625 0.16875
5 0.19609375 0.5375 0.1265625 0.175
5 0.2015625 0.3453125 0.109375 0.1421875
5 0.409375 0.3546875 0.11875 0.16875
5 0.6 0.353125 0.1046875 0.1171875
5 0.6046875 0.1453125 0.10625 0.1453125
5 0.4203125 0.134375 0.109375 0.1484375
5 0.221875 0.12734375 0.125 0.165625
5 0.9625 0.17578125 0.075 0.1171875
5 0.95625 0.378125 0.0875 0.125
5 0.95546875 0.58203125 0.084375 0.1296875
5 0.93671875 0.97109375 0.0546875 0.0578125
5 0.034375 0.928125 0.06875 0.096875
5 0.04296875 0.72890625 0.0859375 0.1171875
5 0.05625 0.5296875 0.1125 0.175
5 0.0640625 0.33828125 0.109375 0.1421875
5 0.07265625 0.11953125 0.1140625 0.1640625