5 0.71328125 0.97421875 0.1015625 0.0515625
5 0.54765625 0.940625 0.0984375 0.11875
5 0.2046875 0.92578125 0.134375 0.1375
5 0.3828125 0.85703125 0.1171875 0.1640625
5 0.225 0.7484375 0.171875 0.2328125
5 0.24375 0.5 0.121875 0.1734375
5 0.40546875 0.6140625 0.103125 0.1390625
5 0.56640625 0.725 0.125 0.165625
5 0.73671875 0.63515625 0.1171875 0.15
5 0.5875 0.5109375 0.1296875 0.1859375
5 0.4234375 0.3890625 0.1015625 0.1375
5 0.7546875 0.4078125 0.1125 0.1375
5 0.59609375 0.2875 0.075 0.1140625
5 0.4328125 0.1609375 0.165625 0.2203125
5 0.28125 0.078125 0.15 0.15625
5 0.4375 0.021875 0.109375 0.04375
5 0.77109375 0.1875 0.159375 0.20625
5 0.61484375 0.090625 0.18125 0.1796875
5 0.7890625 0.040625 0.1390625 0.075
5 0.98046875 0.9765625 0.0234375 0.046875
5 0.0484375 0.921875 0.096875 0.1375
5 0.05078125 0.74375 0.1015625 0.23125
5 0.03359375 0.49609375 0.0671875 0.1734375
5 0.975 0.6390625 0.0484375 0.1484375
5 0.97109375 0.4109375 0.0578125 0.1375
5 0.03046875 0.07578125 0.0515625 0.1515625
5 0.9546875 0.18984375 0.090625 0.2046875
5 0.953125 0.04296875 0.09375 0.0734375