5 0.228125 0.8796875 0.2078125 0.2390625
5 0.46328125 0.96171875 0.1421875 0.0765625
5 0.7328125 0.865625 0.2796875 0.26875
5 0.4859375 0.721875 0.221875 0.3015625
5 0.725 0.5546875 0.240625 0.3125
5 0.2390625 0.528125 0.20625 0.2765625
5 0.24375 0.1875 0.2375 0.359375
5 0.4671875 0.3890625 0.2390625 0.315625
5 0.7390625 0.2078125 0.253125 0.34375
5 0.46015625 0.10625 0.2859375 0.2125
5 0.0625 0.87890625 0.125 0.2390625
5 0.93828125 0.865625 0.1234375 0.26875
5 0.95234375 0.5546875 0.0953125 0.3125
5 0.05703125 0.52734375 0.1140625 0.2765625
5 0.0625 0.1875 0.125 0.359375
5 0.9421875 0.2078125 0.115625 0.34375