5 0.2 0.9484375 0.1078125 0.1015625
5 0.3921875 0.9515625 0.0953125 0.096875
5 0.5890625 0.95625 0.1078125 0.0875
5 0.7890625 0.96875 0.1 0.0625
5 0.79375 0.7609375 0.103125 0.140625
5 0.5953125 0.76875 0.103125 0.1484375
5 0.39375 0.7734375 0.10625 0.15625
5 0.1984375 0.7734375 0.103125 0.14375
5 0.203125 0.5515625 0.1015625 0.146875
5 0.4 0.553125 0.1234375 0.1484375
5 0.5875 0.546875 0.1171875 0.1625
5 0.796875 0.346875 0.08125 0.0984375
5 0.5953125 0.3578125 0.1171875 0.159375
5 0.4015625 0.346875 0.128125 0.1671875
5 0.1984375 0.34375 0.1015625 0.146875
5 0.20625 0.1375 0.1015625 0.1359375
5 0.4078125 0.1421875 0.1171875 0.1640625
5 0.6015625 0.1421875 0.10625 0.1375
5 0.7984375 0.1375 0.096875 0.13125
5 0.0515625 0.94765625 0.103125 0.1015625
5 0.95546875 0.96875 0.0890625 0.0625
5 0.95234375 0.7609375 0.0953125 0.140625
5 0.0515625 0.7734375 0.103125 0.14375
5 0.0484375 0.5515625 0.096875 0.146875
5 0.953125 0.346875 0.08125 0.0984375
5 0.0515625 0.34375 0.1015625 0.146875
5 0.046875 0.13671875 0.09375 0.1359375
5 0.9515625 0.1375 0.096875 0.13125