5 0.740625 0.85 0.1015625 0.134375
5 0.58984375 0.97265625 0.0953125 0.05
5 0.41875 0.92890625 0.1078125 0.1421875
5 0.240625 0.85 0.1078125 0.146875
5 0.4 0.70625 0.0640625 0.0671875
5 0.23515625 0.615625 0.0890625 0.0953125
5 0.20859375 0.3875 0.084375 0.103125
5 0.38515625 0.4921875 0.09375 0.1109375
5 0.365625 0.27578125 0.0953125 0.11875
5 0.34765625 0.0515625 0.075 0.0875
5 0.525 0.12265625 0.08125 0.109375
5 0.68359375 0.0265625 0.0984375 0.053125
5 0.69375 0.2 0.134375 0.15625
5 0.69921875 0.4421875 0.0859375 0.1140625
5 0.57734375 0.7828125 0.109375 0.15
5 0.55859375 0.57890625 0.059375 0.0703125
5 0.5453125 0.34140625 0.0796875 0.1109375
5 0.065625 0.8625 0.0921875 0.1453125
5 0.03984375 0.628125 0.0703125 0.09375
5 0.03359375 0.3984375 0.0671875 0.103125
5 0.959375 0.015625 0.01875 0.03125
5 0.965625 0.1796875 0.0375 0.15