5 0.803125 0.9515625 0.13125 0.096875
5 0.809375 0.79375 0.121875 0.1640625
5 0.809375 0.5875 0.09375 0.121875
5 0.803125 0.3796875 0.096875 0.1359375
5 0.803125 0.203125 0.08125 0.0984375
5 0.7984375 0.025 0.0765625 0.0484375
5 0.4125 0.0171875 0.071875 0.034375
5 0.20625 0.01875 0.053125 0.0375
5 0.4125 0.175 0.0859375 0.1140625
5 0.21875 0.1640625 0.1140625 0.1203125
5 0.5984375 0.3828125 0.084375 0.0984375
5 0.4234375 0.3859375 0.0921875 0.121875
5 0.209375 0.3890625 0.078125 0.1125
5 0.6046875 0.58125 0.0765625 0.11875
5 0.4234375 0.5875 0.1 0.128125
5 0.2109375 0.5828125 0.1015625 0.13125
5 0.609375 0.7921875 0.109375 0.1453125
5 0.61171875 0.96171875 0.1078125 0.0765625
5 0.4265625 0.7890625 0.1234375 0.15625
5 0.4078125 0.95625 0.0859375 0.0875
5 0.215625 0.796875 0.11875 0.1453125
5 0.21875 0.9671875 0.115625 0.065625
5 0.940625 0.9515625 0.11875 0.096875
5 0.93984375 0.79296875 0.1203125 0.1640625
5 0.940625 0.5875 0.09375 0.121875
5 0.946875 0.3796875 0.096875 0.1359375
5 0.946875 0.203125 0.08125 0.0984375
5 0.9515625 0.025 0.0765625 0.0484375
5 0.04375 0.01875 0.053125 0.0375
5 0.04453125 0.16328125 0.0890625 0.1203125
5 0.040625 0.3890625 0.078125 0.1125
5 0.0453125 0.5828125 0.090625 0.13125
5 0.046875 0.79609375 0.09375 0.1453125
5 0.04453125 0.9671875 0.0890625 0.065625