5 0.178125 0.93984375 0.0984375 0.1109375
5 0.19140625 0.73984375 0.109375 0.146875
5 0.2171875 0.3265625 0.1171875 0.15
5 0.2296875 0.121875 0.1171875 0.15
5 0.4140625 0.1390625 0.1046875 0.1421875
5 0.6171875 0.15390625 0.1140625 0.15
5 0.81640625 0.16953125 0.090625 0.1265625
5 0.40703125 0.353125 0.11875 0.1484375
5 0.60078125 0.365625 0.125 0.1578125
5 0.80859375 0.37734375 0.1015625 0.1484375
5 0.39921875 0.5578125 0.1125 0.1390625
5 0.590625 0.590625 0.1171875 0.1640625
5 0.790625 0.58671875 0.09375 0.1234375
5 0.38125 0.76328125 0.1171875 0.1578125
5 0.3796875 0.95703125 0.0859375 0.0828125
5 0.57890625 0.95390625 0.0953125 0.0921875
5 0.5828125 0.784375 0.13125 0.165625
5 0.7765625 0.7921875 0.128125 0.1546875
5 0.76875 0.96796875 0.0875 0.0640625
5 0.05625 0.9375 0.0984375 0.1109375
5 0.05234375 0.7375 0.1046875 0.146875
5 0.04921875 0.32265625 0.0953125 0.15
5 0.04765625 0.11796875 0.0859375 0.15
5 0.94453125 0.171875 0.090625 0.1265625
5 0.94609375 0.3796875 0.1015625 0.1484375
5 0.95390625 0.5890625 0.090625 0.1234375
5 0.94765625 0.7953125 0.096875 0.1546875
5 0.95625 0.96875 0.071875 0.0625