5 0.246875 0.9234375 0.1984375 0.153125
5 0.2265625 0.7296875 0.2046875 0.2671875
5 0.2296875 0.4921875 0.2015625 0.234375
5 0.2359375 0.2609375 0.20625 0.2578125
5 0.225 0.071875 0.1984375 0.14375
5 0.475 0.8703125 0.225 0.2234375
5 0.46875 0.6359375 0.234375 0.2625
5 0.4703125 0.3984375 0.228125 0.2609375
5 0.48125 0.146875 0.2265625 0.278125
5 0.7078125 0.08125 0.2359375 0.1609375
5 0.703125 0.2671875 0.234375 0.26875
5 0.703125 0.515625 0.246875 0.25625
5 0.7015625 0.7484375 0.2328125 0.2421875
5 0.7109375 0.9265625 0.225 0.146875
5 0.05078125 0.9234375 0.1015625 0.153125
5 0.0625 0.72890625 0.125 0.2671875
5 0.06015625 0.4921875 0.1203125 0.234375
5 0.05859375 0.26015625 0.1171875 0.2578125
5 0.06171875 0.071875 0.1234375 0.14375
5 0.96171875 0.08046875 0.0765625 0.1609375
5 0.96484375 0.2671875 0.0703125 0.26875
5 0.96171875 0.515625 0.0765625 0.25625
5 0.965625 0.74765625 0.06875 0.2421875
5 0.96328125 0.9265625 0.0734375 0.146875