5 0.225 0.9234375 0.1984375 0.153125
5 0.2328125 0.75625 0.2046875 0.2671875
5 0.2265625 0.5328125 0.2015625 0.234375
5 0.221875 0.3046875 0.19375 0.23125
5 0.2265625 0.084375 0.1984375 0.14375
5 0.45625 0.6515625 0.203125 0.203125
5 0.446875 0.43125 0.2046875 0.2328125
5 0.4515625 0.196875 0.2125 0.2375
5 0.4515625 0.04375 0.1859375 0.0875
5 0.69375 0.08125 0.2359375 0.1609375
5 0.6859375 0.30625 0.2171875 0.2265625
5 0.47421875 0.88203125 0.2328125 0.2359375
5 0.6953125 0.7640625 0.225 0.2265625
5 0.7109375 0.9265625 0.225 0.146875
5 0.06171875 0.9234375 0.1234375 0.153125
5 0.059375 0.75546875 0.11875 0.2671875
5 0.06171875 0.5328125 0.1234375 0.234375
5 0.0625 0.3046875 0.125 0.23125
5 0.0609375 0.084375 0.121875 0.14375
5 0.96875 0.08046875 0.0625 0.1609375
5 0.97734375 0.30546875 0.0453125 0.2265625
5 0.97109375 0.76328125 0.0578125 0.2265625
5 0.96328125 0.9265625 0.0734375 0.146875