5 0.153125 0.0546875 0.05625 0.109375
5 0.2265625 0.0328125 0.1125 0.0640625
5 0.3421875 0.0578125 0.1421875 0.1140625
5 0.4734375 0.04375 0.128125 0.0859375
5 0.6015625 0.053125 0.1234375 0.10625
5 0.721875 0.0453125 0.1234375 0.090625
5 0.83125 0.059375 0.0875 0.1171875
5 0.2296875 0.128125 0.13125 0.1625
5 0.3390625 0.1875 0.128125 0.171875
5 0.475 0.1359375 0.1234375 0.146875
5 0.615625 0.1890625 0.1390625 0.1875
5 0.7390625 0.14375 0.134375 0.175
5 0.84375 0.190625 0.0609375 0.15625
5 0.765625 0.3078125 0.14375 0.2140625
5 0.4734375 0.2765625 0.153125 0.1859375
5 0.6375 0.3609375 0.1515625 0.1953125
5 0.8015625 0.48125 0.146875 0.228125
5 0.6640625 0.5421875 0.190625 0.24375
5 0.8140625 0.7140625 0.1234375 0.2671875
5 0.690625 0.7671875 0.18125 0.278125
5 0.215625 0.2921875 0.1578125 0.1671875
5 0.3390625 0.3515625 0.1390625 0.1828125
5 0.4890625 0.46875 0.153125 0.2296875
5 0.503125 0.6796875 0.1765625 0.234375
5 0.509375 0.846875 0.1671875 0.125
5 0.19375 0.4640625 0.1390625 0.1953125
5 0.3328125 0.528125 0.1578125 0.2234375
5 0.1921875 0.684375 0.1359375 0.271875
5 0.321875 0.76875 0.1734375 0.2703125
5 0.1796875 0.8671875 0.109375 0.09375
5 0.096875 0.0546875 0.05625 0.109375
5 0.03984375 0.03203125 0.0796875 0.0640625
5 0.9828125 0.0453125 0.034375 0.090625
5 0.91875 0.059375 0.0875 0.1171875
5 0.04296875 0.128125 0.0859375 0.1625
5 0.971875 0.14375 0.05625 0.175
5 0.90625 0.190625 0.0609375 0.15625
5 0.95625 0.30703125 0.0875 0.2140625
5 0.9375 0.48125 0.125 0.228125
5 0.9953125 0.5421875 0.009375 0.24375
5 0.9359375 0.7140625 0.1234375 0.2671875
5 0.984375 0.7671875 0.03125 0.278125
5 0.05625 0.29140625 0.1125 0.1671875
5 0.0625 0.46328125 0.125 0.1953125
5 0.0625 0.684375 0.125 0.271875
5 0.00703125 0.76796875 0.0140625 0.2703125
5 0.0703125 0.8671875 0.109375 0.09375